4.758960247039794922e+00 -3.798583030700683594e+00
4.210115909576416016e+00 -3.367272853851318359e+00
5.477310180664062500e+00 -4.299520492553710938e+00
5.565192222595214844e+00 -4.367512226104736328e+00
5.522764682769775391e+00 -4.339452266693115234e+00
5.195569992065429688e+00 -4.077073097229003906e+00
5.401488304138183594e+00 -4.228878498077392578e+00
5.426546573638916016e+00 -4.264126777648925781e+00
5.490728378295898438e+00 -4.321202754974365234e+00
-4.037615299224853516e+00 3.227060794830322266e+00
5.488528251647949219e+00 -4.315897464752197266e+00
5.465259552001953125e+00 -4.291623592376708984e+00
-3.812254428863525391e+00 3.074271202087402344e+00
-4.096567153930664062e+00 3.282202243804931641e+00
5.399904251098632812e+00 -4.250120639801025391e+00
5.517011642456054688e+00 -4.328641414642333984e+00
5.530906677246093750e+00 -4.349772453308105469e+00
5.462361335754394531e+00 -4.309247493743896484e+00
5.499285697937011719e+00 -4.323595523834228516e+00
5.270026206970214844e+00 -4.128430843353271484e+00
4.650483131408691406e+00 -3.679019212722778320e+00
5.573884963989257812e+00 -4.373535633087158203e+00
5.607959270477294922e+00 -4.401592731475830078e+00
5.298690795898437500e+00 -4.162444591522216797e+00
5.399808883666992188e+00 -4.272800922393798828e+00
5.506772041320800781e+00 -4.325747966766357422e+00
5.369224071502685547e+00 -4.218115329742431641e+00
5.545325279235839844e+00 -4.361491203308105469e+00
5.161559581756591797e+00 -4.038562297821044922e+00
3.571187496185302734e+00 -2.880837440490722656e+00
4.766283512115478516e+00 -3.802736759185791016e+00
2.039893627166748047e+00 -1.665643215179443359e+00
5.195181846618652344e+00 -4.141528129577636719e+00
5.288578987121582031e+00 -4.160583496093750000e+00
5.368872165679931641e+00 -4.243159770965576172e+00
-3.957813739776611328e+00 3.187754154205322266e+00
4.902791023254394531e+00 -3.911792755126953125e+00
5.146850585937500000e+00 -4.038957118988037109e+00
5.499804019927978516e+00 -4.320494174957275391e+00
5.431955337524414062e+00 -4.267631053924560547e+00
5.315488815307617188e+00 -4.193570613861083984e+00
5.518126010894775391e+00 -4.333216190338134766e+00
5.495278358459472656e+00 -4.324475765228271484e+00
5.375912666320800781e+00 -4.227266788482666016e+00
5.306013107299804688e+00 -4.204847812652587891e+00
4.295485496520996094e+00 -3.409267425537109375e+00
5.161916255950927734e+00 -4.096725940704345703e+00
5.498580932617187500e+00 -4.314945697784423828e+00
-3.854512691497802734e+00 3.090368270874023438e+00
5.370989799499511719e+00 -4.225030899047851562e+00
5.286435604095458984e+00 -4.174734115600585938e+00
5.525124549865722656e+00 -4.342933177947998047e+00
5.533047199249267578e+00 -4.350277423858642578e+00
5.472923278808593750e+00 -4.324744701385498047e+00
5.177984714508056641e+00 -4.094658374786376953e+00
4.778550148010253906e+00 -3.800218582153320312e+00
4.732917308807373047e+00 -3.673110485076904297e+00
5.315175056457519531e+00 -4.185389995574951172e+00
5.569763183593750000e+00 -4.375540733337402344e+00
5.492891311645507812e+00 -4.320703029632568359e+00
5.487632751464843750e+00 -4.317787647247314453e+00
4.997980594635009766e+00 -3.915560245513916016e+00
5.569495677947998047e+00 -4.374119281768798828e+00
5.509513378143310547e+00 -4.322467327117919922e+00
5.536242485046386719e+00 -4.339247226715087891e+00
5.230160236358642578e+00 -4.138270854949951172e+00
5.251852035522460938e+00 -4.119966030120849609e+00
3.790294647216796875e+00 -3.052741527557373047e+00
5.478279113769531250e+00 -4.301808357238769531e+00
5.386022090911865234e+00 -4.250175952911376953e+00
4.946117877960205078e+00 -3.894521236419677734e+00
-4.136400699615478516e+00 3.305915832519531250e+00
5.555047035217285156e+00 -4.362154483795166016e+00
-3.779139041900634766e+00 3.036789655685424805e+00
-4.073512077331542969e+00 3.256374835968017578e+00
5.137319564819335938e+00 -4.093815803527832031e+00
5.335209846496582031e+00 -4.181089878082275391e+00
5.348455905914306641e+00 -4.186381816864013672e+00
5.532578468322753906e+00 -4.350204944610595703e+00
5.514819622039794922e+00 -4.337473392486572266e+00
5.387958049774169922e+00 -4.226256847381591797e+00
5.532235145568847656e+00 -4.341981887817382812e+00
5.456489562988281250e+00 -4.317092418670654297e+00
5.411910057067871094e+00 -4.248239040374755859e+00
5.141551971435546875e+00 -4.124927997589111328e+00
4.802284240722656250e+00 -3.771130084991455078e+00
-3.805243492126464844e+00 3.075297355651855469e+00
-4.097263813018798828e+00 3.274430751800537109e+00
5.317832946777343750e+00 -4.188134193420410156e+00
4.381359577178955078e+00 -3.495490789413452148e+00
5.226249694824218750e+00 -4.146527767181396484e+00
5.214717388153076172e+00 -4.088709831237792969e+00
5.512900829315185547e+00 -4.332272052764892578e+00
5.444255828857421875e+00 -4.273268699645996094e+00
5.550267219543457031e+00 -4.363467693328857422e+00
5.522328376770019531e+00 -4.342155933380126953e+00
5.525094985961914062e+00 -4.329408168792724609e+00
-4.100839138031005859e+00 3.273538827896118164e+00
5.160920619964599609e+00 -4.039507865905761719e+00
5.012296199798583984e+00 -3.929813861846923828e+00
4.101685523986816406e+00 -3.332675457000732422e+00
-4.010272026062011719e+00 3.208311796188354492e+00
5.404878139495849609e+00 -4.248604297637939453e+00
5.231731891632080078e+00 -4.152610301971435547e+00
5.516722679138183594e+00 -4.339221477508544922e+00
5.444607734680175781e+00 -4.290825366973876953e+00
4.810787677764892578e+00 -3.827815532684326172e+00
5.416513919830322266e+00 -4.251628398895263672e+00
5.390136718750000000e+00 -4.262671947479248047e+00
5.408713817596435547e+00 -4.244774818420410156e+00
5.302721977233886719e+00 -4.155779838562011719e+00
5.205284595489501953e+00 -4.116693019866943359e+00
5.343941211700439453e+00 -4.189182281494140625e+00
5.453821182250976562e+00 -4.273866176605224609e+00
5.388183116912841797e+00 -4.236658573150634766e+00
5.611313819885253906e+00 -4.409494400024414062e+00
5.010566234588623047e+00 -3.934476852416992188e+00
4.548798084259033203e+00 -3.703279495239257812e+00
5.480939388275146484e+00 -4.313276767730712891e+00
5.486006736755371094e+00 -4.305223941802978516e+00
5.157457351684570312e+00 -4.027866840362548828e+00
5.186643600463867188e+00 -4.073459148406982422e+00
5.599864482879638672e+00 -4.400221347808837891e+00
4.335453987121582031e+00 -3.441373348236083984e+00
5.404613494873046875e+00 -4.240148067474365234e+00
5.115938186645507812e+00 -4.074125289916992188e+00
5.279809951782226562e+00 -4.130793094635009766e+00
5.341952323913574219e+00 -4.207531929016113281e+00
5.570841789245605469e+00 -4.377895355224609375e+00
2.151489734649658203e+00 -1.804483532905578613e+00
5.525208473205566406e+00 -4.340682506561279297e+00
5.450011730194091797e+00 -4.280567169189453125e+00
4.759674549102783203e+00 -3.738718032836914062e+00
3.851939678192138672e+00 -3.061021566390991211e+00
5.495281219482421875e+00 -4.318967342376708984e+00
5.520403385162353516e+00 -4.336398601531982422e+00
5.310472011566162109e+00 -4.208849430084228516e+00
-3.889926910400390625e+00 3.132324695587158203e+00
5.457066535949707031e+00 -4.282462596893310547e+00
5.489091873168945312e+00 -4.315046310424804688e+00
5.483525276184082031e+00 -4.304636955261230469e+00
5.290117263793945312e+00 -4.152842044830322266e+00
5.144385337829589844e+00 -4.031094551086425781e+00
5.148084640502929688e+00 -4.082698822021484375e+00
5.487596988677978516e+00 -4.313695907592773438e+00
5.402312278747558594e+00 -4.255507946014404297e+00
5.562097072601318359e+00 -4.363766193389892578e+00
4.695201873779296875e+00 -3.689483165740966797e+00
3.362030506134033203e+00 -2.660855770111083984e+00
5.537367820739746094e+00 -4.345887184143066406e+00
4.667738914489746094e+00 -3.713835000991821289e+00
5.452712059020996094e+00 -4.278249263763427734e+00
5.004126548767089844e+00 -3.948757410049438477e+00
5.519250869750976562e+00 -4.327364444732666016e+00
-3.934418201446533203e+00 3.154210329055786133e+00
5.417642593383789062e+00 -4.261793613433837891e+00
5.612163543701171875e+00 -4.408640384674072266e+00
2.087730169296264648e+00 -1.770056486129760742e+00
5.477715015411376953e+00 -4.302120685577392578e+00
5.254255294799804688e+00 -4.166146755218505859e+00
5.465214729309082031e+00 -4.294352054595947266e+00
5.556841850280761719e+00 -4.364261150360107422e+00
5.351428508758544922e+00 -4.194101333618164062e+00
4.908398628234863281e+00 -3.838431835174560547e+00
5.461029529571533203e+00 -4.285260677337646484e+00
5.412595748901367188e+00 -4.251283645629882812e+00
5.377742767333984375e+00 -4.225367069244384766e+00
5.270769596099853516e+00 -4.120144367218017578e+00
5.563560009002685547e+00 -4.371118068695068359e+00
5.430536746978759766e+00 -4.268445491790771484e+00
3.661994934082031250e+00 -2.938900470733642578e+00
4.269947528839111328e+00 -3.401002883911132812e+00
5.564412117004394531e+00 -4.368278026580810547e+00
5.223356246948242188e+00 -4.127225399017333984e+00
5.358245849609375000e+00 -4.215688705444335938e+00
5.351783752441406250e+00 -4.218870639801025391e+00
5.176617622375488281e+00 -4.058297157287597656e+00
5.431921005249023438e+00 -4.262157917022705078e+00
-4.027236938476562500e+00 3.239786386489868164e+00
5.361057758331298828e+00 -4.234666347503662109e+00
5.075151443481445312e+00 -3.975412130355834961e+00
5.217108726501464844e+00 -4.094953060150146484e+00
5.502762317657470703e+00 -4.317336082458496094e+00
5.311648845672607422e+00 -4.169257640838623047e+00
-4.044906616210937500e+00 3.232345104217529297e+00
5.446627616882324219e+00 -4.302022933959960938e+00
4.460894107818603516e+00 -3.585207462310791016e+00
5.274111747741699219e+00 -4.167980670928955078e+00
5.308979988098144531e+00 -4.171103000640869141e+00
5.546761035919189453e+00 -4.361865520477294922e+00
5.449859619140625000e+00 -4.280764102935791016e+00
5.463047981262207031e+00 -4.305914878845214844e+00
5.472726345062255859e+00 -4.291644096374511719e+00
5.365983963012695312e+00 -4.204781055450439453e+00
5.493283748626708984e+00 -4.315377712249755859e+00
5.245313644409179688e+00 -4.121010303497314453e+00
5.429986953735351562e+00 -4.274824142456054688e+00
5.518562316894531250e+00 -4.339666843414306641e+00
5.453533172607421875e+00 -4.293537616729736328e+00
5.308763504028320312e+00 -4.225154399871826172e+00
5.383938789367675781e+00 -4.274322032928466797e+00
5.590933799743652344e+00 -4.388128757476806641e+00
5.482960700988769531e+00 -4.301270484924316406e+00
5.516887664794921875e+00 -4.338433742523193359e+00
3.161090373992919922e+00 -2.541650295257568359e+00
5.143094539642333984e+00 -4.077448844909667969e+00
5.314478397369384766e+00 -4.164437770843505859e+00
5.277792453765869141e+00 -4.150217056274414062e+00
5.506524085998535156e+00 -4.329738140106201172e+00
5.391846656799316406e+00 -4.227634906768798828e+00
5.381382942199707031e+00 -4.244996070861816406e+00
4.995075702667236328e+00 -3.924988269805908203e+00
5.534893035888671875e+00 -4.344870567321777344e+00
5.469331741333007812e+00 -4.302978992462158203e+00
5.016684055328369141e+00 -3.944514751434326172e+00
-3.977285861968994141e+00 3.195537567138671875e+00
5.120215892791748047e+00 -4.016757965087890625e+00
5.566896438598632812e+00 -4.385774135589599609e+00
5.481079101562500000e+00 -4.319799900054931641e+00
4.398387908935546875e+00 -3.589807033538818359e+00
-4.063189506530761719e+00 3.274238348007202148e+00
4.973362445831298828e+00 -3.930773973464965820e+00
5.459235191345214844e+00 -4.293937206268310547e+00
5.277953147888183594e+00 -4.146781444549560547e+00
4.800291061401367188e+00 -3.824088335037231445e+00
5.285545825958251953e+00 -4.163326740264892578e+00
5.455683708190917969e+00 -4.295593738555908203e+00
2.249367237091064453e+00 -1.777121067047119141e+00
-7.686713337898254395e-02 -2.622623741626739502e-02
5.526592731475830078e+00 -4.335718631744384766e+00
-3.876447677612304688e+00 3.135649681091308594e+00
5.246397972106933594e+00 -4.122463703155517578e+00
5.459799289703369141e+00 -4.281763553619384766e+00
5.412046432495117188e+00 -4.250607967376708984e+00
5.115028381347656250e+00 -4.056972026824951172e+00
5.353221893310546875e+00 -4.212015628814697266e+00
-3.995060920715332031e+00 3.197190761566162109e+00
5.244506835937500000e+00 -4.111184597015380859e+00
5.365202903747558594e+00 -4.217108249664306641e+00
-6.070724725723266602e-01 5.741973519325256348e-01
5.199501991271972656e+00 -4.123183727264404297e+00
5.098107337951660156e+00 -3.994899034500122070e+00
5.062871932983398438e+00 -3.962087869644165039e+00
5.521380424499511719e+00 -4.327677249908447266e+00
5.240934371948242188e+00 -4.093476772308349609e+00
5.152064800262451172e+00 -4.024767398834228516e+00
5.216673374176025391e+00 -4.103660106658935547e+00
-4.054589748382568359e+00 3.261471748352050781e+00
5.316184043884277344e+00 -4.172722339630126953e+00
5.361245155334472656e+00 -4.218257904052734375e+00
4.999481678009033203e+00 -4.001002788543701172e+00
5.533128738403320312e+00 -4.349557399749755859e+00
5.457533836364746094e+00 -4.291972637176513672e+00
5.439584732055664062e+00 -4.266452789306640625e+00
5.442229270935058594e+00 -4.278810024261474609e+00
5.574726104736328125e+00 -4.375613689422607422e+00
4.959352016448974609e+00 -3.879949092864990234e+00
5.501284599304199219e+00 -4.328189849853515625e+00
5.487895965576171875e+00 -4.309381961822509766e+00
5.417856216430664062e+00 -4.289482593536376953e+00
-4.080575942993164062e+00 3.261054039001464844e+00
4.186715126037597656e+00 -3.274784564971923828e+00
-3.756449699401855469e+00 3.039935111999511719e+00
5.080608367919921875e+00 -4.026780128479003906e+00
5.527075290679931641e+00 -4.342004776000976562e+00
5.566084861755371094e+00 -4.375810623168945312e+00
5.474432468414306641e+00 -4.303584098815917969e+00
5.337298393249511719e+00 -4.225762367248535156e+00
5.345142364501953125e+00 -4.200537204742431641e+00
5.074213504791259766e+00 -4.022445678710937500e+00
5.597139358520507812e+00 -4.389564037322998047e+00
5.468563079833984375e+00 -4.305503845214843750e+00
5.610727310180664062e+00 -4.406332492828369141e+00
3.835085868835449219e+00 -3.135568141937255859e+00
5.519351005554199219e+00 -4.340019702911376953e+00
5.521681785583496094e+00 -4.338766574859619141e+00
5.505436420440673828e+00 -4.327875614166259766e+00
5.211977958679199219e+00 -4.086819648742675781e+00
5.407386779785156250e+00 -4.243717670440673828e+00
5.367164611816406250e+00 -4.225630283355712891e+00
5.491999149322509766e+00 -4.316935062408447266e+00
5.582737445831298828e+00 -4.382550716400146484e+00
1.638512969017028809e+00 -1.290410637855529785e+00
5.451612949371337891e+00 -4.283109664916992188e+00
-3.370572566986083984e+00 2.736334323883056641e+00
4.792589187622070312e+00 -3.788576602935791016e+00
5.454045772552490234e+00 -4.286395549774169922e+00
4.557773113250732422e+00 -3.641568899154663086e+00
5.448028087615966797e+00 -4.278504371643066406e+00
5.427763938903808594e+00 -4.282060146331787109e+00
4.439012050628662109e+00 -3.521712779998779297e+00
4.448304176330566406e+00 -3.543644428253173828e+00
5.501806259155273438e+00 -4.324470043182373047e+00
5.469703674316406250e+00 -4.296469688415527344e+00
5.654171466827392578e+00 -4.438428401947021484e+00
5.544416427612304688e+00 -4.354736804962158203e+00
5.302009582519531250e+00 -4.184288501739501953e+00
5.091829299926757812e+00 -3.990220069885253906e+00
5.148407459259033203e+00 -4.054196834564208984e+00
4.344265937805175781e+00 -3.505335330963134766e+00
5.466432571411132812e+00 -4.299681186676025391e+00
5.449561119079589844e+00 -4.275557041168212891e+00
4.265048980712890625e+00 -3.353504180908203125e+00
5.081303119659423828e+00 -4.027200698852539062e+00
5.435299396514892578e+00 -4.266044139862060547e+00
5.472394943237304688e+00 -4.298436641693115234e+00
5.445858478546142578e+00 -4.274064064025878906e+00
5.205782890319824219e+00 -4.084001064300537109e+00
5.393933296203613281e+00 -4.224457263946533203e+00
5.337586879730224609e+00 -4.189179897308349609e+00
5.467188358306884766e+00 -4.292097091674804688e+00
5.484914302825927734e+00 -4.300764560699462891e+00
5.276698589324951172e+00 -4.161945819854736328e+00
4.448025703430175781e+00 -3.525145292282104492e+00
5.320466041564941406e+00 -4.163066387176513672e+00
5.519606590270996094e+00 -4.328341960906982422e+00
5.200078010559082031e+00 -4.079041481018066406e+00
5.633831024169921875e+00 -4.422823429107666016e+00
-4.040905475616455078e+00 3.228765010833740234e+00
5.563752174377441406e+00 -4.373224735260009766e+00
5.318606376647949219e+00 -4.189106464385986328e+00
2.721937656402587891e+00 -2.318512439727783203e+00
5.239589691162109375e+00 -4.122560977935791016e+00
3.988760471343994141e+00 -3.196720361709594727e+00
5.095430850982666016e+00 -4.046614170074462891e+00
5.584384918212890625e+00 -4.393737316131591797e+00
5.528925418853759766e+00 -4.341053485870361328e+00
-4.054124832153320312e+00 3.239060401916503906e+00
5.377599239349365234e+00 -4.215038299560546875e+00
2.762928485870361328e+00 -2.119658231735229492e+00
5.076608657836914062e+00 -4.008964061737060547e+00
-4.009119033813476562e+00 3.207381248474121094e+00
5.444972991943359375e+00 -4.276366710662841797e+00
5.433672904968261719e+00 -4.258276462554931641e+00
5.536954879760742188e+00 -4.351832389831542969e+00
5.202478885650634766e+00 -4.138069629669189453e+00
5.524393081665039062e+00 -4.345597743988037109e+00
5.487460136413574219e+00 -4.318655490875244141e+00
5.434445381164550781e+00 -4.271722316741943359e+00
-4.050264358520507812e+00 3.265642166137695312e+00
-4.120853424072265625e+00 3.292854309082031250e+00
5.447772026062011719e+00 -4.287847042083740234e+00
4.313952445983886719e+00 -3.461128473281860352e+00
5.445607185363769531e+00 -4.280156135559082031e+00
5.397144794464111328e+00 -4.227956295013427734e+00
5.210453987121582031e+00 -4.105114459991455078e+00
5.396008491516113281e+00 -4.250095844268798828e+00
5.533647537231445312e+00 -4.350721836090087891e+00
5.304428100585937500e+00 -4.157631397247314453e+00
-3.269178390502929688e+00 2.654914617538452148e+00
5.507583618164062500e+00 -4.345708847045898438e+00
5.252892494201660156e+00 -4.108911991119384766e+00
5.250722408294677734e+00 -4.120445728302001953e+00
5.589062690734863281e+00 -4.384105205535888672e+00
4.687670707702636719e+00 -3.694211483001708984e+00
5.583465576171875000e+00 -4.385879993438720703e+00
4.805344104766845703e+00 -3.801956653594970703e+00
5.536960601806640625e+00 -4.354280948638916016e+00
2.411588191986083984e+00 -1.870676159858703613e+00
4.825198650360107422e+00 -3.814714908599853516e+00
5.533807277679443359e+00 -4.346841335296630859e+00
5.276624202728271484e+00 -4.139722347259521484e+00
5.317205429077148438e+00 -4.168334484100341797e+00
5.357560157775878906e+00 -4.221155166625976562e+00
-3.978399276733398438e+00 3.200287342071533203e+00
5.547165870666503906e+00 -4.361887454986572266e+00
5.470247268676757812e+00 -4.313743114471435547e+00
5.499089241027832031e+00 -4.326112270355224609e+00
5.289477348327636719e+00 -4.197216987609863281e+00
5.316191673278808594e+00 -4.203330516815185547e+00
5.202584266662597656e+00 -4.089843750000000000e+00
5.480384826660156250e+00 -4.306193351745605469e+00
4.760122299194335938e+00 -3.775468587875366211e+00
-4.047546386718750000e+00 3.252388954162597656e+00
5.273071765899658203e+00 -4.132040977478027344e+00
4.538894653320312500e+00 -3.591880083084106445e+00
5.581637382507324219e+00 -4.391898155212402344e+00
4.837574958801269531e+00 -3.775271415710449219e+00
5.540261745452880859e+00 -4.346950054168701172e+00
5.496221542358398438e+00 -4.314581394195556641e+00
5.212587356567382812e+00 -4.110362052917480469e+00
5.051330566406250000e+00 -3.988571643829345703e+00
5.501466751098632812e+00 -4.327433586120605469e+00
5.310731410980224609e+00 -4.165392875671386719e+00
5.319128036499023438e+00 -4.165743350982666016e+00
4.616621017456054688e+00 -3.630645036697387695e+00
5.453337669372558594e+00 -4.272160053253173828e+00
5.503329753875732422e+00 -4.321220397949218750e+00
4.823225498199462891e+00 -3.806968212127685547e+00
5.541006565093994141e+00 -4.347856521606445312e+00
5.469492435455322266e+00 -4.297965049743652344e+00
5.524044990539550781e+00 -4.328763484954833984e+00
5.483331203460693359e+00 -4.298860073089599609e+00
5.392296791076660156e+00 -4.241498470306396484e+00
