3.863430023193359375e+00 -3.138545513153076172e+00
3.778293609619140625e+00 -3.060328960418701172e+00
4.009543418884277344e+00 -3.257017374038696289e+00
3.955619335174560547e+00 -3.216044425964355469e+00
3.975819587707519531e+00 -3.210863351821899414e+00
2.733028173446655273e+00 -2.154484272003173828e+00
3.920275211334228516e+00 -3.171381711959838867e+00
-3.469664096832275391e+00 3.270761489868164062e+00
2.920351982116699219e+00 -2.316215038299560547e+00
3.960829734802246094e+00 -3.186556816101074219e+00
3.870941638946533203e+00 -3.120786428451538086e+00
3.927514553070068359e+00 -3.178224563598632812e+00
4.027333259582519531e+00 -3.276845455169677734e+00
3.903855323791503906e+00 -3.149801969528198242e+00
3.995245933532714844e+00 -3.224933147430419922e+00
4.040825366973876953e+00 -3.286014556884765625e+00
3.909567832946777344e+00 -3.158048391342163086e+00
3.008291721343994141e+00 -2.271224498748779297e+00
4.082957744598388672e+00 -3.331764221191406250e+00
4.056148529052734375e+00 -3.314595699310302734e+00
3.943178176879882812e+00 -3.179870605468750000e+00
5.861906409263610840e-01 -2.150893807411193848e-01
3.934625625610351562e+00 -3.171943187713623047e+00
4.086640834808349609e+00 -3.336766242980957031e+00
4.035555362701416016e+00 -3.271613597869873047e+00
3.908360481262207031e+00 -3.171639919281005859e+00
4.009597778320312500e+00 -3.267266750335693359e+00
3.941192150115966797e+00 -3.176571369171142578e+00
3.967137336730957031e+00 -3.208846569061279297e+00
3.849231243133544922e+00 -3.110534191131591797e+00
3.861318111419677734e+00 -3.121759176254272461e+00
2.411616325378417969e+00 -1.771014332771301270e+00
3.929166793823242188e+00 -3.172140598297119141e+00
3.791386127471923828e+00 -3.071866512298583984e+00
4.158750534057617188e+00 -3.420116424560546875e+00
3.992982864379882812e+00 -3.239995241165161133e+00
4.053036689758300781e+00 -3.296341896057128906e+00
3.515096664428710938e+00 -2.810126304626464844e+00
3.961839675903320312e+00 -3.203658580780029297e+00
-3.493710279464721680e+00 3.290733098983764648e+00
4.049243927001953125e+00 -3.300176143646240234e+00
3.878356933593750000e+00 -3.149768829345703125e+00
4.001759052276611328e+00 -3.251359462738037109e+00
4.067754745483398438e+00 -3.305193901062011719e+00
4.116220474243164062e+00 -3.369896411895751953e+00
4.036625862121582031e+00 -3.269599437713623047e+00
4.110338687896728516e+00 -3.363147974014282227e+00
3.952095985412597656e+00 -3.196240901947021484e+00
3.881844043731689453e+00 -3.149508953094482422e+00
4.109039306640625000e+00 -3.357433319091796875e+00
-2.631078720092773438e+00 2.641318798065185547e+00
-2.570373058319091797e+00 2.476066589355468750e+00
3.886043548583984375e+00 -3.153875350952148438e+00
4.058466434478759766e+00 -3.296383380889892578e+00
4.003229618072509766e+00 -3.248334884643554688e+00
3.803504943847656250e+00 -3.089736461639404297e+00
4.010098934173583984e+00 -3.243043661117553711e+00
3.962351799011230469e+00 -3.207870960235595703e+00
3.927273273468017578e+00 -3.157068729400634766e+00
3.958060264587402344e+00 -3.186574935913085938e+00
3.931378841400146484e+00 -3.179770708084106445e+00
2.432950973510742188e+00 -1.974927544593811035e+00
1.944042205810546875e+00 -1.306281805038452148e+00
3.957619667053222656e+00 -3.200956344604492188e+00
3.713409900665283203e+00 -2.998345136642456055e+00
4.117589950561523438e+00 -3.373263120651245117e+00
4.029129505157470703e+00 -3.268101215362548828e+00
2.696659088134765625e+00 -1.634574770927429199e+00
4.108957767486572266e+00 -3.357550144195556641e+00
4.150982379913330078e+00 -3.407709836959838867e+00
3.634105443954467773e+00 -2.919341087341308594e+00
-3.067832946777343750e+00 2.961796283721923828e+00
3.895085811614990234e+00 -3.145296096801757812e+00
-3.541489362716674805e+00 3.335326433181762695e+00
3.893252372741699219e+00 -3.146536827087402344e+00
4.045311450958251953e+00 -3.281202316284179688e+00
3.867682933807373047e+00 -3.156641006469726562e+00
3.954133033752441406e+00 -3.199582099914550781e+00
3.988202095031738281e+00 -3.238965988159179688e+00
4.135451316833496094e+00 -3.392907619476318359e+00
3.950624942779541016e+00 -3.192556858062744141e+00
3.992221355438232422e+00 -3.224037408828735352e+00
3.640002012252807617e+00 -2.927008152008056641e+00
3.724022865295410156e+00 -2.996556282043457031e+00
3.779348850250244141e+00 -3.045834779739379883e+00
-3.325957775115966797e+00 3.147965431213378906e+00
-3.507421970367431641e+00 3.309146404266357422e+00
3.846080780029296875e+00 -3.091194629669189453e+00
3.838226795196533203e+00 -3.128152847290039062e+00
3.990715026855468750e+00 -3.249549627304077148e+00
-3.306937932968139648e+00 3.131949424743652344e+00
-3.429870128631591797e+00 3.232134819030761719e+00
4.077069759368896484e+00 -3.325634956359863281e+00
4.086643218994140625e+00 -3.335186719894409180e+00
3.527540683746337891e+00 -2.757222175598144531e+00
3.945179462432861328e+00 -3.189540386199951172e+00
3.942285537719726562e+00 -3.173493385314941406e+00
4.109795093536376953e+00 -3.369424819946289062e+00
3.854501724243164062e+00 -3.120383262634277344e+00
4.092318534851074219e+00 -3.340412616729736328e+00
-3.529640197753906250e+00 3.323075771331787109e+00
3.869892597198486328e+00 -3.138377666473388672e+00
4.049028873443603516e+00 -3.313881874084472656e+00
3.936710357666015625e+00 -3.169888973236083984e+00
3.945760726928710938e+00 -3.198104381561279297e+00
3.982022285461425781e+00 -3.224000215530395508e+00
3.935681819915771484e+00 -3.170990467071533203e+00
3.945547103881835938e+00 -3.179359436035156250e+00
3.052058935165405273e+00 -2.371639251708984375e+00
3.967690944671630859e+00 -3.198867797851562500e+00
3.903927803039550781e+00 -3.153192996978759766e+00
-3.580535650253295898e+00 3.371788024902343750e+00
4.067460536956787109e+00 -3.315176010131835938e+00
4.046839714050292969e+00 -3.293900728225708008e+00
3.781042098999023438e+00 -3.042655229568481445e+00
3.894106864929199219e+00 -3.136777877807617188e+00
3.944699764251708984e+00 -3.182904243469238281e+00
3.976132392883300781e+00 -3.212928771972656250e+00
3.903003215789794922e+00 -3.157265186309814453e+00
-3.523373126983642578e+00 3.317849159240722656e+00
3.972908020019531250e+00 -3.215668201446533203e+00
3.870087623596191406e+00 -3.125481128692626953e+00
-1.922400474548339844e+00 1.944126248359680176e+00
1.127314686775207520e+00 -5.458717942237854004e-01
3.895580291748046875e+00 -3.147962093353271484e+00
3.016323328018188477e+00 -2.452726364135742188e+00
4.135170459747314453e+00 -3.391581535339355469e+00
-3.594732761383056641e+00 3.384168624877929688e+00
3.816216468811035156e+00 -3.079358816146850586e+00
2.818161964416503906e+00 -2.284898281097412109e+00
3.974897384643554688e+00 -3.226450443267822266e+00
3.988883972167968750e+00 -3.249829053878784180e+00
4.106576919555664062e+00 -3.361122131347656250e+00
3.642581701278686523e+00 -2.936609983444213867e+00
3.946980953216552734e+00 -3.180321455001831055e+00
4.079405307769775391e+00 -3.322996377944946289e+00
3.008990287780761719e+00 -2.355281591415405273e+00
3.961029052734375000e+00 -3.203114986419677734e+00
3.951494216918945312e+00 -3.181687831878662109e+00
3.809048414230346680e+00 -3.057510375976562500e+00
4.009539604187011719e+00 -3.250266551971435547e+00
-3.580536842346191406e+00 3.371342658996582031e+00
3.927881240844726562e+00 -3.166308879852294922e+00
4.028301715850830078e+00 -3.284201622009277344e+00
3.918487548828125000e+00 -3.167687416076660156e+00
3.220900774002075195e+00 -2.127197265625000000e+00
3.976223945617675781e+00 -3.221886634826660156e+00
3.815624237060546875e+00 -3.073903083801269531e+00
3.980237960815429688e+00 -3.227804183959960938e+00
-3.461366653442382812e+00 3.262332677841186523e+00
-3.575849771499633789e+00 3.367296218872070312e+00
4.026922225952148438e+00 -3.275357723236083984e+00
3.998660087585449219e+00 -3.258265733718872070e+00
3.919502735137939453e+00 -3.157566070556640625e+00
4.090583324432373047e+00 -3.343078613281250000e+00
3.982449531555175781e+00 -3.223209619522094727e+00
3.989523410797119141e+00 -3.230916261672973633e+00
3.476690292358398438e+00 -2.773349761962890625e+00
4.052348136901855469e+00 -3.302909851074218750e+00
3.948376655578613281e+00 -3.213176012039184570e+00
-2.178671121597290039e+00 2.159614324569702148e+00
3.855069637298583984e+00 -3.112246990203857422e+00
3.932634830474853516e+00 -3.169663429260253906e+00
3.966266632080078125e+00 -3.201289653778076172e+00
4.083758831024169922e+00 -3.330565452575683594e+00
4.015697479248046875e+00 -3.267454147338867188e+00
3.930278301239013672e+00 -3.178520679473876953e+00
3.977835655212402344e+00 -3.225705623626708984e+00
3.937202453613281250e+00 -3.197124958038330078e+00
4.022372245788574219e+00 -3.272142887115478516e+00
3.931116580963134766e+00 -3.166751384735107422e+00
2.250900268554687500e+00 -1.651542544364929199e+00
4.107701778411865234e+00 -3.359376430511474609e+00
3.906916618347167969e+00 -3.156515121459960938e+00
3.865020275115966797e+00 -3.127712726593017578e+00
4.055544376373291016e+00 -3.294773817062377930e+00
3.776205778121948242e+00 -3.010995626449584961e+00
3.951267242431640625e+00 -3.187222957611083984e+00
3.706946372985839844e+00 -2.974797487258911133e+00
3.949805736541748047e+00 -3.190736293792724609e+00
4.105401039123535156e+00 -3.353994369506835938e+00
3.997146129608154297e+00 -3.245329856872558594e+00
3.970116615295410156e+00 -3.214783191680908203e+00
4.081567764282226562e+00 -3.325935840606689453e+00
-3.573839664459228516e+00 3.366823911666870117e+00
3.879452228546142578e+00 -3.132017135620117188e+00
3.421711444854736328e+00 -2.731541633605957031e+00
4.164197921752929688e+00 -3.421644210815429688e+00
5.855773687362670898e-01 -5.204385519027709961e-02
3.437522888183593750e+00 -2.685111761093139648e+00
3.934224605560302734e+00 -3.173116207122802734e+00
3.778942108154296875e+00 -3.053163051605224609e+00
3.542060375213623047e+00 -2.858639001846313477e+00
3.947593212127685547e+00 -3.205439805984497070e+00
3.997395992279052734e+00 -3.243941307067871094e+00
3.953358650207519531e+00 -3.196947574615478516e+00
-1.604188084602355957e+00 1.617247462272644043e+00
4.007758140563964844e+00 -3.259826660156250000e+00
3.893619537353515625e+00 -3.141508102416992188e+00
-3.417064666748046875e+00 3.220825672149658203e+00
3.941280841827392578e+00 -3.192246913909912109e+00
3.956674098968505859e+00 -3.210215091705322266e+00
3.936342716217041016e+00 -3.185381412506103516e+00
3.903783798217773438e+00 -3.152153491973876953e+00
3.765333890914916992e+00 -3.020995616912841797e+00
-3.544052600860595703e+00 3.339241027832031250e+00
4.067325115203857422e+00 -3.321601390838623047e+00
-2.258278369903564453e+00 2.320479631423950195e+00
3.957839965820312500e+00 -3.199106693267822266e+00
8.043198585510253906e-01 -4.543213248252868652e-01
4.061492443084716797e+00 -3.305680036544799805e+00
2.756696701049804688e+00 -2.117074966430664062e+00
-3.527476787567138672e+00 3.322602272033691406e+00
3.973843574523925781e+00 -3.226381540298461914e+00
4.054296970367431641e+00 -3.292321443557739258e+00
4.047837257385253906e+00 -3.299467563629150391e+00
3.969334602355957031e+00 -3.213125467300415039e+00
2.749334573745727539e+00 -2.162475585937500000e+00
3.917319297790527344e+00 -3.165866374969482422e+00
-3.588404178619384766e+00 3.379344463348388672e+00
4.138261795043945312e+00 -3.399484634399414062e+00
3.139752388000488281e+00 -2.473601341247558594e+00
3.877133846282958984e+00 -3.124062538146972656e+00
3.389737129211425781e+00 -2.653893470764160156e+00
3.905895233154296875e+00 -3.157902956008911133e+00
4.138331413269042969e+00 -3.396456003189086914e+00
3.098000049591064453e+00 -2.429025650024414062e+00
4.013228893280029297e+00 -3.256377220153808594e+00
3.836206436157226562e+00 -3.111688375473022461e+00
3.982273101806640625e+00 -3.225467205047607422e+00
4.019692420959472656e+00 -3.255110740661621094e+00
3.996165752410888672e+00 -3.242051124572753906e+00
3.943034648895263672e+00 -3.182876586914062500e+00
3.942740440368652344e+00 -3.186546802520751953e+00
3.941271305084228516e+00 -3.193973302841186523e+00
4.021103858947753906e+00 -3.268249988555908203e+00
2.992107152938842773e+00 -2.318704366683959961e+00
3.967846870422363281e+00 -3.215286254882812500e+00
3.993258953094482422e+00 -3.235408782958984375e+00
3.982783794403076172e+00 -3.224970340728759766e+00
3.930052757263183594e+00 -3.196062564849853516e+00
3.851293087005615234e+00 -3.126527309417724609e+00
3.946421146392822266e+00 -3.177878141403198242e+00
3.947464466094970703e+00 -3.158302783966064453e+00
3.964546680450439453e+00 -3.210030078887939453e+00
-3.522792816162109375e+00 3.317731142044067383e+00
3.977276325225830078e+00 -3.216842651367187500e+00
3.939064025878906250e+00 -3.190821886062622070e+00
3.935736656188964844e+00 -3.183386325836181641e+00
3.955856323242187500e+00 -3.199090003967285156e+00
4.076918601989746094e+00 -3.343667507171630859e+00
3.924712181091308594e+00 -3.193132162094116211e+00
3.956377029418945312e+00 -3.196611404418945312e+00
-3.499081134796142578e+00 3.300459384918212891e+00
4.039759159088134766e+00 -3.289352893829345703e+00
3.687324762344360352e+00 -2.960127353668212891e+00
4.049146175384521484e+00 -3.301525115966796875e+00
3.167916297912597656e+00 -2.468836307525634766e+00
4.069369792938232422e+00 -3.313346385955810547e+00
3.649878978729248047e+00 -2.876845836639404297e+00
3.988323688507080078e+00 -3.230994224548339844e+00
3.875631809234619141e+00 -3.154327869415283203e+00
3.919796466827392578e+00 -3.161197900772094727e+00
1.239779472351074219e+00 -8.189537525177001953e-01
3.758054494857788086e+00 -3.038808822631835938e+00
4.035360813140869141e+00 -3.285071849822998047e+00
1.193805456161499023e+00 -8.973928689956665039e-01
3.541639328002929688e+00 -2.858160734176635742e+00
4.102863311767578125e+00 -3.350551128387451172e+00
3.416959285736083984e+00 -2.729942560195922852e+00
4.029951095581054688e+00 -3.278189182281494141e+00
3.966619491577148438e+00 -3.197649955749511719e+00
3.903679370880126953e+00 -3.133709907531738281e+00
-3.582907199859619141e+00 3.390880584716796875e+00
3.952192306518554688e+00 -3.216273784637451172e+00
4.092957973480224609e+00 -3.339359283447265625e+00
4.061752319335937500e+00 -3.329517841339111328e+00
3.938127040863037109e+00 -3.186393260955810547e+00
3.946245193481445312e+00 -3.183783054351806641e+00
-1.013588458299636841e-01 5.781913399696350098e-01
4.064619541168212891e+00 -3.306597232818603516e+00
3.663990497589111328e+00 -2.943780422210693359e+00
3.949577331542968750e+00 -3.191215515136718750e+00
3.992933273315429688e+00 -3.244618415832519531e+00
-2.885467529296875000e+00 2.770689249038696289e+00
-3.532777547836303711e+00 3.327310085296630859e+00
-3.529542922973632812e+00 3.323907375335693359e+00
4.031096458435058594e+00 -3.279576778411865234e+00
4.021327495574951172e+00 -3.274789333343505859e+00
3.992508888244628906e+00 -3.242240905761718750e+00
3.952538013458251953e+00 -3.191701889038085938e+00
1.546502947807312012e+00 -1.039704442024230957e+00
4.002130985260009766e+00 -3.257156848907470703e+00
3.970283508300781250e+00 -3.198371887207031250e+00
3.929149150848388672e+00 -3.180669784545898438e+00
4.030703544616699219e+00 -3.276603221893310547e+00
-3.488962888717651367e+00 3.288248538970947266e+00
4.121490478515625000e+00 -3.371586322784423828e+00
3.993735313415527344e+00 -3.239460468292236328e+00
3.883622169494628906e+00 -3.126862764358520508e+00
3.996337890625000000e+00 -3.259915351867675781e+00
3.739604949951171875e+00 -2.998046159744262695e+00
2.336158037185668945e+00 -1.733264088630676270e+00
3.923038482666015625e+00 -3.174901485443115234e+00
3.948705196380615234e+00 -3.190324306488037109e+00
3.873638153076171875e+00 -3.130481243133544922e+00
3.940599441528320312e+00 -3.183908939361572266e+00
3.570356845855712891e+00 -2.868690252304077148e+00
1.768597006797790527e+00 -1.352400422096252441e+00
3.811275959014892578e+00 -3.059422969818115234e+00
3.943327903747558594e+00 -3.187492370605468750e+00
3.969868659973144531e+00 -3.208106994628906250e+00
3.890956878662109375e+00 -3.139752388000488281e+00
3.966323852539062500e+00 -3.201241970062255859e+00
4.141232967376708984e+00 -3.398451805114746094e+00
3.945237159729003906e+00 -3.197254180908203125e+00
3.908829212188720703e+00 -3.162233829498291016e+00
3.980151653289794922e+00 -3.222566366195678711e+00
3.931840896606445312e+00 -3.186821937561035156e+00
3.974970817565917969e+00 -3.209061384201049805e+00
3.995632648468017578e+00 -3.240684509277343750e+00
3.038380622863769531e+00 -2.402750492095947266e+00
3.027301311492919922e+00 -2.354133605957031250e+00
3.895977020263671875e+00 -3.142514705657958984e+00
-3.585019588470458984e+00 3.375500679016113281e+00
3.889469623565673828e+00 -3.137546539306640625e+00
3.937911987304687500e+00 -3.168742179870605469e+00
3.963141918182373047e+00 -3.191412925720214844e+00
3.988326072692871094e+00 -3.220444202423095703e+00
3.647137880325317383e+00 -2.911575555801391602e+00
4.066059589385986328e+00 -3.312413215637207031e+00
3.962834358215332031e+00 -3.198096752166748047e+00
-3.593900442123413086e+00 3.383531093597412109e+00
3.928045272827148438e+00 -3.171012401580810547e+00
3.814668178558349609e+00 -3.098181009292602539e+00
3.968468666076660156e+00 -3.196091651916503906e+00
3.993325233459472656e+00 -3.242999792098999023e+00
3.961427688598632812e+00 -3.207161426544189453e+00
4.120097160339355469e+00 -3.368816852569580078e+00
4.109766483306884766e+00 -3.360770225524902344e+00
2.516306400299072266e+00 -1.702630043029785156e+00
4.056749343872070312e+00 -3.306825876235961914e+00
2.368411064147949219e+00 -1.797811627388000488e+00
4.018395423889160156e+00 -3.268075227737426758e+00
4.128024101257324219e+00 -3.378810405731201172e+00
3.855432987213134766e+00 -3.090530395507812500e+00
3.806789636611938477e+00 -3.034033775329589844e+00
2.460726499557495117e+00 -1.795266270637512207e+00
3.460102081298828125e+00 -2.760553359985351562e+00
3.969023704528808594e+00 -3.201987743377685547e+00
3.923075675964355469e+00 -3.168285369873046875e+00
4.048966407775878906e+00 -3.294943809509277344e+00
-3.520700931549072266e+00 3.315532207489013672e+00
3.997686386108398438e+00 -3.248696804046630859e+00
3.941234588623046875e+00 -3.197154045104980469e+00
-2.745215892791748047e+00 2.642277240753173828e+00
3.847928285598754883e+00 -3.084774494171142578e+00
2.878405570983886719e+00 -2.190134525299072266e+00
3.951087951660156250e+00 -3.196992397308349609e+00
3.862497568130493164e+00 -3.134579896926879883e+00
-3.450436115264892578e+00 3.251962184906005859e+00
2.167494773864746094e+00 -1.388869881629943848e+00
3.971653938293457031e+00 -3.208333969116210938e+00
3.947796821594238281e+00 -3.187002897262573242e+00
4.060306549072265625e+00 -3.307413101196289062e+00
-3.477860450744628906e+00 3.276358604431152344e+00
4.051609992980957031e+00 -3.294779300689697266e+00
3.572508335113525391e+00 -2.885690450668334961e+00
3.927191257476806641e+00 -3.166138887405395508e+00
3.978641510009765625e+00 -3.221832275390625000e+00
3.921372413635253906e+00 -3.181965827941894531e+00
3.932251930236816406e+00 -3.178190946578979492e+00
3.592421531677246094e+00 -2.893437385559082031e+00
3.688967227935791016e+00 -2.961348295211791992e+00
3.947422027587890625e+00 -3.184574127197265625e+00
3.944459915161132812e+00 -3.178657770156860352e+00
-3.571604728698730469e+00 3.365571498870849609e+00
3.984285354614257812e+00 -3.230744123458862305e+00
-7.453078031539916992e-01 9.828146100044250488e-01
3.938611507415771484e+00 -3.185177803039550781e+00
3.870545387268066406e+00 -3.118078470230102539e+00
3.941772937774658203e+00 -3.181833744049072266e+00
1.707919239997863770e+00 -1.229442238807678223e+00
4.056637763977050781e+00 -3.305834770202636719e+00
3.954515457153320312e+00 -3.180757284164428711e+00
4.042608261108398438e+00 -3.291131019592285156e+00
4.019468307495117188e+00 -3.338713645935058594e+00
3.887861728668212891e+00 -3.159551143646240234e+00
5.827522277832031250e-01 8.255727589130401611e-03
3.913000106811523438e+00 -3.155575990676879883e+00
3.989518642425537109e+00 -3.236699581146240234e+00
-3.526920795440673828e+00 3.322009801864624023e+00
3.947725772857666016e+00 -3.189036130905151367e+00
3.779245376586914062e+00 -3.062573432922363281e+00
