2.580706357955932617e+00 -2.720163106918334961e+00
2.578195810317993164e+00 -2.713324785232543945e+00
-2.837522745132446289e+00 2.064996242523193359e+00
2.589869737625122070e+00 -2.737661123275756836e+00
2.576134204864501953e+00 -2.721118450164794922e+00
2.622860908508300781e+00 -2.732404708862304688e+00
2.585772037506103516e+00 -2.737349987030029297e+00
2.478266954421997070e+00 -2.687047719955444336e+00
2.578152418136596680e+00 -2.717777967453002930e+00
2.585317373275756836e+00 -2.719089984893798828e+00
2.614897966384887695e+00 -2.768370866775512695e+00
-2.832683324813842773e+00 2.049501419067382812e+00
2.591302633285522461e+00 -2.738496780395507812e+00
2.533937215805053711e+00 -2.632477998733520508e+00
2.584045171737670898e+00 -2.735127449035644531e+00
2.589139938354492188e+00 -2.737267494201660156e+00
2.589248180389404297e+00 -2.738085746765136719e+00
2.529939413070678711e+00 -2.710423469543457031e+00
2.588991641998291016e+00 -2.723536252975463867e+00
2.581145763397216797e+00 -2.720208883285522461e+00
2.595441102981567383e+00 -2.706366539001464844e+00
2.580907583236694336e+00 -2.729223251342773438e+00
2.584468126296997070e+00 -2.720372676849365234e+00
2.583990812301635742e+00 -2.699921846389770508e+00
2.589305400848388672e+00 -2.722064018249511719e+00
2.462605237960815430e+00 -2.702719926834106445e+00
2.546699762344360352e+00 -2.635722160339355469e+00
2.590195655822753906e+00 -2.726073741912841797e+00
2.586625814437866211e+00 -2.733500957489013672e+00
2.591777324676513672e+00 -2.727458953857421875e+00
2.406964302062988281e+00 -2.681314945220947266e+00
2.580171346664428711e+00 -2.713858366012573242e+00
2.582861661911010742e+00 -2.711505889892578125e+00
2.579209566116333008e+00 -2.727824926376342773e+00
2.587646245956420898e+00 -2.737662315368652344e+00
2.595690488815307617e+00 -2.707461118698120117e+00
-2.832285642623901367e+00 2.032786369323730469e+00
2.585198163986206055e+00 -2.721782207489013672e+00
2.023681640625000000e+00 -2.279256582260131836e+00
2.577777147293090820e+00 -2.731139183044433594e+00
2.583209276199340820e+00 -2.714250087738037109e+00
2.581068277359008789e+00 -2.731191158294677734e+00
2.573694944381713867e+00 -2.736539125442504883e+00
2.590199708938598633e+00 -2.740669727325439453e+00
-2.829641103744506836e+00 2.061805248260498047e+00
2.567641019821166992e+00 -2.710869789123535156e+00
2.541109800338745117e+00 -2.697265386581420898e+00
2.577883958816528320e+00 -2.729869127273559570e+00
2.582663059234619141e+00 -2.730937957763671875e+00
2.589437246322631836e+00 -2.724267482757568359e+00
2.573426485061645508e+00 -2.726679325103759766e+00
2.588409423828125000e+00 -2.722064971923828125e+00
2.572547674179077148e+00 -2.703461885452270508e+00
2.571385383605957031e+00 -2.728946447372436523e+00
2.582630872726440430e+00 -2.713614463806152344e+00
2.584924697875976562e+00 -2.719285249710083008e+00
2.591133356094360352e+00 -2.726652145385742188e+00
2.628292083740234375e+00 -2.738555669784545898e+00
2.497602224349975586e+00 -2.663166046142578125e+00
-2.839734792709350586e+00 2.048356294631958008e+00
2.581389665603637695e+00 -2.732308387756347656e+00
2.579673528671264648e+00 -2.718855142593383789e+00
2.602524042129516602e+00 -2.748933076858520508e+00
2.585463047027587891e+00 -2.734285831451416016e+00
-2.993665337562561035e-01 -6.440003514289855957e-01
2.587200403213500977e+00 -2.738924503326416016e+00
2.583982706069946289e+00 -2.736634016036987305e+00
2.593479633331298828e+00 -2.725966453552246094e+00
-2.838898420333862305e+00 2.039357185363769531e+00
2.582844018936157227e+00 -2.714463710784912109e+00
2.576755046844482422e+00 -2.741279840469360352e+00
2.587479591369628906e+00 -2.722482919692993164e+00
2.575551986694335938e+00 -2.733804941177368164e+00
2.580242156982421875e+00 -2.727685928344726562e+00
2.467992782592773438e+00 -2.549930095672607422e+00
-2.833541631698608398e+00 2.033302307128906250e+00
2.587093114852905273e+00 -2.716231822967529297e+00
2.558446168899536133e+00 -2.652632713317871094e+00
2.212500572204589844e+00 -2.330440044403076172e+00
2.586444616317749023e+00 -2.744417190551757812e+00
2.567666530609130859e+00 -2.696055650711059570e+00
2.591349363327026367e+00 -2.726844310760498047e+00
2.584354639053344727e+00 -2.736982583999633789e+00
2.570886850357055664e+00 -2.714658260345458984e+00
2.570470571517944336e+00 -2.702929735183715820e+00
2.571883201599121094e+00 -2.728782176971435547e+00
2.575999975204467773e+00 -2.705119609832763672e+00
2.576483011245727539e+00 -2.726673841476440430e+00
2.582293272018432617e+00 -2.748253822326660156e+00
2.594478130340576172e+00 -2.742831945419311523e+00
-5.009611248970031738e-01 -5.487730503082275391e-01
2.581447124481201172e+00 -2.715095520019531250e+00
-2.829918622970581055e+00 2.060709238052368164e+00
2.601184844970703125e+00 -2.748385190963745117e+00
2.593591928482055664e+00 -2.722663640975952148e+00
1.305831313133239746e+00 -1.959352016448974609e+00
2.576540946960449219e+00 -2.727878808975219727e+00
-1.274024009704589844e+00 3.205167949199676514e-01
2.593065977096557617e+00 -2.739944458007812500e+00
-2.843282222747802734e+00 2.061140775680541992e+00
2.632628917694091797e+00 -2.746443510055541992e+00
2.580714702606201172e+00 -2.731492519378662109e+00
2.575349569320678711e+00 -2.724233150482177734e+00
2.579764366149902344e+00 -2.718985319137573242e+00
-2.836963891983032227e+00 2.045366287231445312e+00
2.588293552398681641e+00 -2.738973617553710938e+00
2.577754020690917969e+00 -2.717274665832519531e+00
2.579087018966674805e+00 -2.715485572814941406e+00
2.571761131286621094e+00 -2.673051357269287109e+00
2.585098505020141602e+00 -2.732892036437988281e+00
2.573215007781982422e+00 -2.715181350708007812e+00
2.600680112838745117e+00 -2.713063240051269531e+00
2.627153158187866211e+00 -2.741269350051879883e+00
2.578730344772338867e+00 -2.712829589843750000e+00
2.582705259323120117e+00 -2.710614442825317383e+00
2.591933965682983398e+00 -2.722771644592285156e+00
2.580002307891845703e+00 -2.730437755584716797e+00
2.623014926910400391e+00 -2.733968496322631836e+00
2.594940900802612305e+00 -2.731632709503173828e+00
2.575701951980590820e+00 -2.708451271057128906e+00
2.592367649078369141e+00 -2.706172466278076172e+00
2.593134164810180664e+00 -2.742877006530761719e+00
2.578714132308959961e+00 -2.727828025817871094e+00
2.569298267364501953e+00 -2.711236000061035156e+00
2.583867073059082031e+00 -2.715946912765502930e+00
2.585387468338012695e+00 -2.736917495727539062e+00
2.585331916809082031e+00 -2.718511343002319336e+00
2.589151144027709961e+00 -2.738778352737426758e+00
2.591208934783935547e+00 -2.741809368133544922e+00
2.581666707992553711e+00 -2.721354961395263672e+00
2.582677602767944336e+00 -2.743943452835083008e+00
2.610059976577758789e+00 -2.700890541076660156e+00
2.570164680480957031e+00 -2.696930885314941406e+00
2.592112541198730469e+00 -2.727782964706420898e+00
2.509760618209838867e+00 -2.672567844390869141e+00
2.582698583602905273e+00 -2.717390298843383789e+00
2.573901891708374023e+00 -2.700750827789306641e+00
2.579461336135864258e+00 -2.722503423690795898e+00
2.701839208602905273e+00 -2.817141294479370117e+00
2.588419675827026367e+00 -2.723776817321777344e+00
2.591457128524780273e+00 -2.727841138839721680e+00
2.656619310379028320e+00 -2.782911300659179688e+00
2.627793312072753906e+00 -2.764131546020507812e+00
-2.859533548355102539e+00 2.068706035614013672e+00
2.614075422286987305e+00 -2.755868196487426758e+00
-2.840051412582397461e+00 2.048907279968261719e+00
2.578885316848754883e+00 -2.718952417373657227e+00
2.597996234893798828e+00 -2.734940767288208008e+00
2.579185962677001953e+00 -2.723851203918457031e+00
2.580764532089233398e+00 -2.706566810607910156e+00
-2.834003448486328125e+00 2.032002925872802734e+00
2.584594011306762695e+00 -2.736270904541015625e+00
2.546056985855102539e+00 -2.698376417160034180e+00
-2.823001384735107422e+00 2.041687965393066406e+00
2.578469276428222656e+00 -2.718715667724609375e+00
2.601814508438110352e+00 -2.755349874496459961e+00
2.589369058609008789e+00 -2.702084541320800781e+00
2.588259696960449219e+00 -2.717713832855224609e+00
2.589442014694213867e+00 -2.721962928771972656e+00
2.600824594497680664e+00 -2.717031955718994141e+00
2.584946870803833008e+00 -2.725192070007324219e+00
2.580842733383178711e+00 -2.720111846923828125e+00
2.590768575668334961e+00 -2.725071907043457031e+00
2.583575963973999023e+00 -2.736015081405639648e+00
2.579883575439453125e+00 -2.712083816528320312e+00
2.497978687286376953e+00 -2.607919216156005859e+00
2.586463212966918945e+00 -2.735888719558715820e+00
2.588684797286987305e+00 -2.722746372222900391e+00
-2.839154481887817383e+00 2.063628673553466797e+00
2.585533857345581055e+00 -2.719539403915405273e+00
-2.838190078735351562e+00 2.061403751373291016e+00
2.577469825744628906e+00 -2.679727077484130859e+00
2.589117050170898438e+00 -2.722514629364013672e+00
2.575561761856079102e+00 -2.708964347839355469e+00
2.516761064529418945e+00 -2.643626451492309570e+00
2.589358091354370117e+00 -2.737467527389526367e+00
2.582093000411987305e+00 -2.716863870620727539e+00
2.583029031753540039e+00 -2.722558498382568359e+00
2.616458415985107422e+00 -2.773059129714965820e+00
2.587136507034301758e+00 -2.734520912170410156e+00
2.588913679122924805e+00 -2.723224401473999023e+00
2.623021602630615234e+00 -2.731554031372070312e+00
2.579598188400268555e+00 -2.712138175964355469e+00
2.548927068710327148e+00 -2.701716899871826172e+00
2.526732921600341797e+00 -2.617521286010742188e+00
2.579641103744506836e+00 -2.719321250915527344e+00
2.581038236618041992e+00 -2.737765312194824219e+00
2.591899394989013672e+00 -2.704766511917114258e+00
-2.827213525772094727e+00 2.041614532470703125e+00
-2.794083118438720703e+00 2.042124509811401367e+00
2.590804815292358398e+00 -2.725347995758056641e+00
2.589263200759887695e+00 -2.694888353347778320e+00
2.470905542373657227e+00 -2.706110477447509766e+00
2.414794683456420898e+00 -2.668963432312011719e+00
2.584738969802856445e+00 -2.723025560379028320e+00
-2.793565750122070312e+00 2.042039871215820312e+00
2.579388141632080078e+00 -2.718048572540283203e+00
2.605554580688476562e+00 -2.714789867401123047e+00
2.393755197525024414e+00 -2.596105337142944336e+00
2.450609207153320312e+00 -2.549310445785522461e+00
2.583328485488891602e+00 -2.677798748016357422e+00
2.577322483062744141e+00 -2.717152118682861328e+00
2.582233190536499023e+00 -2.714777231216430664e+00
-2.821015834808349609e+00 2.060851097106933594e+00
2.567924976348876953e+00 -2.710205316543579102e+00
2.585493564605712891e+00 -2.676952838897705078e+00
2.595598459243774414e+00 -2.731076002120971680e+00
2.568943262100219727e+00 -2.699498176574707031e+00
2.247621297836303711e+00 -2.357711315155029297e+00
2.584007501602172852e+00 -2.733890533447265625e+00
2.583288431167602539e+00 -2.730994939804077148e+00
2.561338663101196289e+00 -2.707579374313354492e+00
2.589290618896484375e+00 -2.736606597900390625e+00
2.590293884277343750e+00 -2.724637985229492188e+00
2.579162597656250000e+00 -2.719048023223876953e+00
2.609921455383300781e+00 -2.741551637649536133e+00
2.593319892883300781e+00 -2.725749492645263672e+00
2.584702253341674805e+00 -2.723814725875854492e+00
2.587765932083129883e+00 -2.734267950057983398e+00
2.586205005645751953e+00 -2.714302301406860352e+00
2.489636421203613281e+00 -2.660650014877319336e+00
2.590168952941894531e+00 -2.719515323638916016e+00
2.573106765747070312e+00 -2.716220855712890625e+00
2.590258836746215820e+00 -2.703425884246826172e+00
2.531486272811889648e+00 -2.627486944198608398e+00
2.584197044372558594e+00 -2.712300300598144531e+00
2.624248266220092773e+00 -2.724896430969238281e+00
2.568563461303710938e+00 -2.695782661437988281e+00
2.569537401199340820e+00 -2.671173334121704102e+00
2.587416410446166992e+00 -2.735703706741333008e+00
2.582055807113647461e+00 -2.715300559997558594e+00
2.625554561614990234e+00 -2.732337236404418945e+00
2.587892055511474609e+00 -2.703198432922363281e+00
2.567119359970092773e+00 -2.709177255630493164e+00
2.575533628463745117e+00 -2.734154224395751953e+00
2.576711654663085938e+00 -2.723061323165893555e+00
2.578083515167236328e+00 -2.729716777801513672e+00
2.578721046447753906e+00 -2.718952894210815430e+00
2.589727163314819336e+00 -2.721455574035644531e+00
2.568468332290649414e+00 -2.677116870880126953e+00
2.578449249267578125e+00 -2.717691898345947266e+00
2.586869239807128906e+00 -2.737589359283447266e+00
-2.834805488586425781e+00 2.049128532409667969e+00
2.584815740585327148e+00 -2.677819252014160156e+00
2.576178789138793945e+00 -2.720987796783447266e+00
2.591106891632080078e+00 -2.726486682891845703e+00
-2.775177955627441406e+00 2.026291847229003906e+00
2.582078218460083008e+00 -2.747413158416748047e+00
2.598767518997192383e+00 -2.754707098007202148e+00
2.599998235702514648e+00 -2.723413467407226562e+00
2.595371961593627930e+00 -2.740950107574462891e+00
2.578372716903686523e+00 -2.735727071762084961e+00
2.287422418594360352e+00 -2.497648954391479492e+00
2.579177618026733398e+00 -2.727532625198364258e+00
2.580300092697143555e+00 -2.737466812133789062e+00
2.577985048294067383e+00 -2.708886623382568359e+00
2.578189849853515625e+00 -2.728485345840454102e+00
2.586237907409667969e+00 -2.733192682266235352e+00
2.591675996780395508e+00 -2.738772153854370117e+00
2.579930305480957031e+00 -2.729481458663940430e+00
2.591024160385131836e+00 -2.739535808563232422e+00
2.589883089065551758e+00 -2.719475507736206055e+00
2.591097831726074219e+00 -2.702243328094482422e+00
2.602435588836669922e+00 -2.711348533630371094e+00
2.583383798599243164e+00 -2.680212020874023438e+00
2.533117532730102539e+00 -2.633358478546142578e+00
2.579607486724853516e+00 -2.706757783889770508e+00
2.586294889450073242e+00 -2.692381620407104492e+00
2.581460475921630859e+00 -2.733314275741577148e+00
2.583451509475708008e+00 -2.731535434722900391e+00
-2.834768056869506836e+00 2.037479877471923828e+00
2.627279281616210938e+00 -2.739576339721679688e+00
2.586323976516723633e+00 -2.744726181030273438e+00
2.462229967117309570e+00 -2.635753154754638672e+00
2.582118988037109375e+00 -2.731246709823608398e+00
2.586046934127807617e+00 -2.738211154937744141e+00
-2.845528364181518555e+00 2.062015295028686523e+00
2.565088510513305664e+00 -2.693687438964843750e+00
2.584364175796508789e+00 -2.742267131805419922e+00
2.586430788040161133e+00 -2.736606121063232422e+00
-2.854102373123168945e+00 2.052934646606445312e+00
-4.876051843166351318e-01 -4.042641520500183105e-01
2.632478237152099609e+00 -2.739033222198486328e+00
2.589739322662353516e+00 -2.719747781753540039e+00
2.576050043106079102e+00 -2.668849229812622070e+00
2.584795951843261719e+00 -2.736959934234619141e+00
2.572421312332153320e+00 -2.721780300140380859e+00
2.591726541519165039e+00 -2.726246356964111328e+00
2.581531286239624023e+00 -2.721171140670776367e+00
2.582481861114501953e+00 -2.713020563125610352e+00
-2.837467193603515625e+00 2.032403230667114258e+00
2.683764457702636719e+00 -2.808667659759521484e+00
2.588601112365722656e+00 -2.721458673477172852e+00
2.577363729476928711e+00 -2.714314460754394531e+00
2.572959661483764648e+00 -2.721923589706420898e+00
2.583250761032104492e+00 -2.713720798492431641e+00
2.591014862060546875e+00 -2.726453781127929688e+00
2.604904890060424805e+00 -2.712609291076660156e+00
2.590546846389770508e+00 -2.738353490829467773e+00
2.577751398086547852e+00 -2.711633205413818359e+00
2.586416959762573242e+00 -2.733581781387329102e+00
2.579027414321899414e+00 -2.717710494995117188e+00
2.575350046157836914e+00 -2.729903221130371094e+00
2.578882694244384766e+00 -2.669112205505371094e+00
2.575288772583007812e+00 -2.731629371643066406e+00
2.588946580886840820e+00 -2.737442493438720703e+00
-2.825239419937133789e+00 2.056698799133300781e+00
2.558537483215332031e+00 -2.651969432830810547e+00
2.585298538208007812e+00 -2.746821880340576172e+00
2.580320835113525391e+00 -2.714541673660278320e+00
2.581820487976074219e+00 -2.730422735214233398e+00
2.582603931427001953e+00 -2.672320842742919922e+00
2.630211591720581055e+00 -2.739489316940307617e+00
2.582052946090698242e+00 -2.716764211654663086e+00
2.585355043411254883e+00 -2.735855340957641602e+00
2.573785781860351562e+00 -2.721186637878417969e+00
-5.763958096504211426e-01 -4.162720441818237305e-01
2.587179422378540039e+00 -2.736344337463378906e+00
2.620661258697509766e+00 -2.731612443923950195e+00
2.486075878143310547e+00 -2.654122352600097656e+00
2.508985757827758789e+00 -2.606873035430908203e+00
2.584901094436645508e+00 -2.733376741409301758e+00
2.587965965270996094e+00 -2.725416183471679688e+00
2.567469120025634766e+00 -2.697856187820434570e+00
2.599217176437377930e+00 -2.754500389099121094e+00
2.528180360794067383e+00 -2.686611890792846680e+00
2.560237169265747070e+00 -2.659838676452636719e+00
2.576258897781372070e+00 -2.721624612808227539e+00
2.605751037597656250e+00 -2.753952980041503906e+00
2.584419250488281250e+00 -2.719294786453247070e+00
2.589952230453491211e+00 -2.724150657653808594e+00
2.591364145278930664e+00 -2.740566730499267578e+00
2.273388147354125977e+00 -2.426626682281494141e+00
2.580754756927490234e+00 -2.714353799819946289e+00
2.586502790451049805e+00 -2.737041473388671875e+00
2.591598272323608398e+00 -2.738742113113403320e+00
2.593887090682983398e+00 -2.729707002639770508e+00
2.590294837951660156e+00 -2.721614360809326172e+00
2.579634428024291992e+00 -2.714271068572998047e+00
2.573048591613769531e+00 -2.702236652374267578e+00
2.581529855728149414e+00 -2.730444669723510742e+00
-2.839878797531127930e+00 2.049728393554687500e+00
2.529237031936645508e+00 -2.623992443084716797e+00
2.577612161636352539e+00 -2.713636398315429688e+00
2.587916851043701172e+00 -2.741191148757934570e+00
2.382234096527099609e+00 -2.533898830413818359e+00
2.643589973449707031e+00 -2.745744943618774414e+00
-2.838587522506713867e+00 2.052547454833984375e+00
-2.831761121749877930e+00 2.045443534851074219e+00
2.587198972702026367e+00 -2.737850904464721680e+00
2.582986354827880859e+00 -2.733359575271606445e+00
2.579694032669067383e+00 -2.731674194335937500e+00
2.632034301757812500e+00 -2.729817390441894531e+00
2.580410242080688477e+00 -2.719375610351562500e+00
2.577040672302246094e+00 -2.705673217773437500e+00
2.579015731811523438e+00 -2.732355356216430664e+00
2.589017868041992188e+00 -2.724768638610839844e+00
-2.841496944427490234e+00 2.047974109649658203e+00
2.593523740768432617e+00 -2.741163253784179688e+00
2.581213712692260742e+00 -2.734750747680664062e+00
2.582146167755126953e+00 -2.731997966766357422e+00
2.585537910461425781e+00 -2.729746580123901367e+00
2.588666677474975586e+00 -2.739712238311767578e+00
2.584435224533081055e+00 -2.736050605773925781e+00
2.586317539215087891e+00 -2.740632772445678711e+00
2.592570543289184570e+00 -2.740107059478759766e+00
2.578686237335205078e+00 -2.717274665832519531e+00
2.580653905868530273e+00 -2.730325698852539062e+00
2.450841665267944336e+00 -2.674224853515625000e+00
2.582007884979248047e+00 -2.731740474700927734e+00
2.586929798126220703e+00 -2.722412824630737305e+00
2.566844940185546875e+00 -2.717951774597167969e+00
2.584908723831176758e+00 -2.741060972213745117e+00
2.585008144378662109e+00 -2.732114315032958984e+00
-2.817013502120971680e+00 2.035529851913452148e+00
2.573089361190795898e+00 -2.716546535491943359e+00
2.585892438888549805e+00 -2.735831737518310547e+00
2.587524175643920898e+00 -2.734596729278564453e+00
2.581622838973999023e+00 -2.715428113937377930e+00
2.593384742736816406e+00 -2.728036880493164062e+00
2.589167356491088867e+00 -2.737531900405883789e+00
2.495594501495361328e+00 -2.669247627258300781e+00
2.579083204269409180e+00 -2.729623794555664062e+00
2.587038993835449219e+00 -2.737646579742431641e+00
2.494338750839233398e+00 -2.627325534820556641e+00
2.600383758544921875e+00 -2.710529804229736328e+00
2.580681085586547852e+00 -2.730664014816284180e+00
2.590576410293579102e+00 -2.742482423782348633e+00
2.583390474319458008e+00 -2.733812808990478516e+00
2.578560352325439453e+00 -2.716782093048095703e+00
2.577323198318481445e+00 -2.725941658020019531e+00
2.583808660507202148e+00 -2.734927415847778320e+00
2.579360485076904297e+00 -2.729598522186279297e+00
-2.814290046691894531e+00 2.056639671325683594e+00
