3.625443220138549805e+00 -2.632666110992431641e+00
3.447527408599853516e+00 -2.498879909515380859e+00
3.567849397659301758e+00 -2.588462352752685547e+00
3.479055166244506836e+00 -2.548776388168334961e+00
3.617591619491577148e+00 -2.627228021621704102e+00
3.570713520050048828e+00 -2.590244770050048828e+00
3.596367359161376953e+00 -2.609968185424804688e+00
3.553529500961303711e+00 -2.580463886260986328e+00
3.592924833297729492e+00 -2.606920480728149414e+00
3.624949216842651367e+00 -2.631980657577514648e+00
3.625476360321044922e+00 -2.632654428482055664e+00
3.564515352249145508e+00 -2.585656642913818359e+00
3.380051851272583008e+00 -2.446613550186157227e+00
-1.631187200546264648e+00 1.781676650047302246e+00
3.606431484222412109e+00 -2.619235754013061523e+00
3.592663049697875977e+00 -2.606468915939331055e+00
3.625998020172119141e+00 -2.632046461105346680e+00
3.549997329711914062e+00 -2.574848890304565430e+00
3.559575080871582031e+00 -2.581496953964233398e+00
3.482004880905151367e+00 -2.526433706283569336e+00
3.586414813995361328e+00 -2.602251768112182617e+00
3.331118345260620117e+00 -2.413820028305053711e+00
3.594625234603881836e+00 -2.608252286911010742e+00
3.584669351577758789e+00 -2.601103067398071289e+00
3.479677438735961914e+00 -2.523606061935424805e+00
3.291324615478515625e+00 -2.406656503677368164e+00
3.472017526626586914e+00 -2.515945672988891602e+00
3.592689752578735352e+00 -2.606571197509765625e+00
3.617966651916503906e+00 -2.626972913742065430e+00
3.590276241302490234e+00 -2.605259656906127930e+00
3.607375383377075195e+00 -2.617339849472045898e+00
3.605105400085449219e+00 -2.617791652679443359e+00
3.507889509201049805e+00 -2.543167591094970703e+00
3.594521760940551758e+00 -2.608413696289062500e+00
3.496501207351684570e+00 -2.534203052520751953e+00
3.607067346572875977e+00 -2.619849443435668945e+00
2.160530805587768555e+00 -1.593567013740539551e+00
-1.620083093643188477e+00 1.770144581794738770e+00
3.502635717391967773e+00 -2.540283918380737305e+00
3.253162384033203125e+00 -2.346791982650756836e+00
3.612063169479370117e+00 -2.623582124710083008e+00
3.562079668045043945e+00 -2.584794759750366211e+00
3.608369827270507812e+00 -2.618710756301879883e+00
3.544590473175048828e+00 -2.573614358901977539e+00
3.604976415634155273e+00 -2.615708351135253906e+00
3.618752002716064453e+00 -2.626800298690795898e+00
3.587833642959594727e+00 -2.604897022247314453e+00
3.538967609405517578e+00 -2.567286014556884766e+00
3.594036579132080078e+00 -2.608575582504272461e+00
3.581926345825195312e+00 -2.598664045333862305e+00
3.621699571609497070e+00 -2.630011320114135742e+00
3.605885744094848633e+00 -2.618699550628662109e+00
3.596041679382324219e+00 -2.609250783920288086e+00
3.500322103500366211e+00 -2.563593387603759766e+00
3.607753992080688477e+00 -2.618847131729125977e+00
3.583386182785034180e+00 -2.599650144577026367e+00
3.568597555160522461e+00 -2.588267087936401367e+00
1.031223535537719727e+00 -8.851491659879684448e-02
3.316795825958251953e+00 -2.406818628311157227e+00
3.570998907089233398e+00 -2.592705249786376953e+00
3.595528841018676758e+00 -2.609833955764770508e+00
3.407907485961914062e+00 -2.470025539398193359e+00
3.618373155593872070e+00 -2.626636743545532227e+00
3.571334362030029297e+00 -2.590888500213623047e+00
3.620780229568481445e+00 -2.628295183181762695e+00
3.577159404754638672e+00 -2.595736503601074219e+00
3.617894649505615234e+00 -2.626173734664916992e+00
-1.658366680145263672e+00 1.796016693115234375e+00
3.622224092483520508e+00 -2.629921197891235352e+00
3.584688663482666016e+00 -2.600990533828735352e+00
3.559427499771118164e+00 -2.582102060317993164e+00
3.556577682495117188e+00 -2.580451488494873047e+00
3.603571891784667969e+00 -2.614628314971923828e+00
3.499689817428588867e+00 -2.546128511428833008e+00
3.590583801269531250e+00 -2.608269691467285156e+00
-1.639333486557006836e+00 1.749099850654602051e+00
3.544339895248413086e+00 -2.570228099822998047e+00
3.500471830368041992e+00 -2.540848493576049805e+00
3.549978256225585938e+00 -2.574939250946044922e+00
3.605843067169189453e+00 -2.618354558944702148e+00
3.577225208282470703e+00 -2.600563526153564453e+00
3.620100975036621094e+00 -2.628824949264526367e+00
3.622110128402709961e+00 -2.629203319549560547e+00
3.584061384201049805e+00 -2.599997997283935547e+00
3.558457374572753906e+00 -2.583723545074462891e+00
3.287755727767944336e+00 -2.382400989532470703e+00
3.543041706085205078e+00 -2.569393157958984375e+00
3.576974630355834961e+00 -2.595355510711669922e+00
3.255410432815551758e+00 -2.360804319381713867e+00
3.560720682144165039e+00 -2.584353446960449219e+00
3.564552307128906250e+00 -2.586537122726440430e+00
3.222167253494262695e+00 -2.341711282730102539e+00
3.541225194931030273e+00 -2.566966772079467773e+00
-1.642269849777221680e+00 1.780968308448791504e+00
3.606060266494750977e+00 -2.617867231369018555e+00
3.620409011840820312e+00 -2.629090309143066406e+00
3.615235567092895508e+00 -2.625416040420532227e+00
3.628317594528198242e+00 -2.634312391281127930e+00
3.334784746170043945e+00 -2.419101476669311523e+00
-1.586245536804199219e+00 1.734719872474670410e+00
-1.577496290206909180e+00 1.692794680595397949e+00
3.543128728866577148e+00 -2.570297002792358398e+00
3.582412958145141602e+00 -2.599180221557617188e+00
3.600546598434448242e+00 -2.614741563796997070e+00
3.551584482192993164e+00 -2.576273202896118164e+00
3.611541032791137695e+00 -2.621409654617309570e+00
3.607939481735229492e+00 -2.618034601211547852e+00
3.503864049911499023e+00 -2.542279958724975586e+00
3.374196290969848633e+00 -2.451236486434936523e+00
3.283509016036987305e+00 -2.384638071060180664e+00
3.508515119552612305e+00 -2.546962499618530273e+00
3.540922641754150391e+00 -2.567430734634399414e+00
3.608947515487670898e+00 -2.618850708007812500e+00
3.568770647048950195e+00 -2.588968992233276367e+00
3.606673002243041992e+00 -2.617640018463134766e+00
1.067278385162353516e+00 -1.574301123619079590e-01
3.587263345718383789e+00 -2.602656364440917969e+00
3.598755121231079102e+00 -2.610909461975097656e+00
3.604711771011352539e+00 -2.616440534591674805e+00
-1.635006666183471680e+00 1.753604173660278320e+00
-1.627173423767089844e+00 1.789256334304809570e+00
3.581425189971923828e+00 -2.597933292388916016e+00
3.479914188385009766e+00 -2.548309087753295898e+00
3.569922685623168945e+00 -2.590652465820312500e+00
3.178433418273925781e+00 -2.306376695632934570e+00
3.577326297760009766e+00 -2.596153974533081055e+00
-1.671612739562988281e+00 1.767268300056457520e+00
3.604660272598266602e+00 -2.615570545196533203e+00
3.605271100997924805e+00 -2.616554021835327148e+00
3.609590291976928711e+00 -2.619292974472045898e+00
3.593667268753051758e+00 -2.607694864273071289e+00
3.617121934890747070e+00 -2.626036882400512695e+00
-1.601781129837036133e+00 1.731957674026489258e+00
3.586263418197631836e+00 -2.602375268936157227e+00
3.443585395812988281e+00 -2.500385999679565430e+00
3.390388727188110352e+00 -2.493096113204956055e+00
3.603601932525634766e+00 -2.615781307220458984e+00
3.614137411117553711e+00 -2.624022960662841797e+00
3.568838596343994141e+00 -2.588735818862915039e+00
3.269533157348632812e+00 -2.362834930419921875e+00
3.419809341430664062e+00 -2.478260040283203125e+00
3.467961311340332031e+00 -2.514986991882324219e+00
3.574394464492797852e+00 -2.592916011810302734e+00
-1.637464284896850586e+00 1.782515525817871094e+00
3.593019247055053711e+00 -2.606460571289062500e+00
3.381563901901245117e+00 -2.453782796859741211e+00
3.595801591873168945e+00 -2.620569467544555664e+00
3.410423517227172852e+00 -2.472913265228271484e+00
3.613382339477539062e+00 -2.624281406402587891e+00
3.549840450286865234e+00 -2.575851678848266602e+00
3.609922885894775391e+00 -2.619490861892700195e+00
-1.606318473815917969e+00 1.755291938781738281e+00
3.589854001998901367e+00 -2.606480121612548828e+00
3.580485582351684570e+00 -2.597543001174926758e+00
-1.623047351837158203e+00 1.778106331825256348e+00
3.610009670257568359e+00 -2.619420528411865234e+00
3.557758569717407227e+00 -2.581264734268188477e+00
-1.687551498413085938e+00 1.784428000450134277e+00
3.569444417953491211e+00 -2.590598344802856445e+00
3.594475030899047852e+00 -2.607585191726684570e+00
3.622095823287963867e+00 -2.629209518432617188e+00
3.617721557617187500e+00 -2.626710176467895508e+00
3.186901092529296875e+00 -2.318075418472290039e+00
3.605632543563842773e+00 -2.616228342056274414e+00
5.775650143623352051e-01 2.852943539619445801e-01
3.575274229049682617e+00 -2.593808412551879883e+00
3.590151309967041016e+00 -2.607254266738891602e+00
3.447372198104858398e+00 -2.499323368072509766e+00
3.439686536788940430e+00 -2.492860555648803711e+00
3.327167272567749023e+00 -2.414152860641479492e+00
3.622241258621215820e+00 -2.631790161132812500e+00
-1.627340555191040039e+00 1.774611353874206543e+00
3.588091135025024414e+00 -2.603975772857666016e+00
3.576046943664550781e+00 -2.594430208206176758e+00
3.588731765747070312e+00 -2.610637426376342773e+00
1.478910684585571289e+00 -5.261224508285522461e-01
3.589874982833862305e+00 -2.606476783752441406e+00
3.411557674407958984e+00 -2.472530364990234375e+00
3.593023538589477539e+00 -2.606988430023193359e+00
3.430822134017944336e+00 -2.486442804336547852e+00
3.526323080062866211e+00 -2.557015657424926758e+00
-1.633116722106933594e+00 1.786172389984130859e+00
3.558268308639526367e+00 -2.581393241882324219e+00
-1.621729612350463867e+00 1.792667746543884277e+00
3.279641389846801758e+00 -2.379098653793334961e+00
3.613244771957397461e+00 -2.622408866882324219e+00
3.578984498977661133e+00 -2.597974061965942383e+00
3.531581640243530273e+00 -2.560571432113647461e+00
-1.553601026535034180e+00 1.713276267051696777e+00
3.625464200973510742e+00 -2.632589817047119141e+00
3.611876726150512695e+00 -2.621990203857421875e+00
3.602992773056030273e+00 -2.614466905593872070e+00
3.602191925048828125e+00 -2.613279104232788086e+00
3.609564781188964844e+00 -2.621508121490478516e+00
3.626456499099731445e+00 -2.633352756500244141e+00
3.602606296539306641e+00 -2.623397588729858398e+00
-1.637102127075195312e+00 1.786600470542907715e+00
3.608785867691040039e+00 -2.618627548217773438e+00
3.595009565353393555e+00 -2.608390092849731445e+00
3.618076324462890625e+00 -2.626798868179321289e+00
3.544604539871215820e+00 -2.571580648422241211e+00
-1.666499853134155273e+00 1.767627835273742676e+00
3.619563817977905273e+00 -2.627052307128906250e+00
3.607091665267944336e+00 -2.618758440017700195e+00
3.590066671371459961e+00 -2.604341506958007812e+00
3.360265016555786133e+00 -2.437909126281738281e+00
-1.599405765533447266e+00 1.765933156013488770e+00
3.573523759841918945e+00 -2.592200994491577148e+00
3.583108186721801758e+00 -2.601872682571411133e+00
3.607737302780151367e+00 -2.618612051010131836e+00
3.591604471206665039e+00 -2.605630159378051758e+00
3.407670974731445312e+00 -2.470091819763183594e+00
-1.522531986236572266e+00 1.659551858901977539e+00
3.593028783798217773e+00 -2.606784582138061523e+00
3.624234437942504883e+00 -2.630513906478881836e+00
3.589794874191284180e+00 -2.604487895965576172e+00
3.550656080245971680e+00 -2.583133935928344727e+00
3.548176050186157227e+00 -2.575129508972167969e+00
3.622883558273315430e+00 -2.630895137786865234e+00
3.607173204421997070e+00 -2.619042634963989258e+00
3.524247407913208008e+00 -2.559456825256347656e+00
3.579952478408813477e+00 -2.600897073745727539e+00
3.494131565093994141e+00 -2.537550449371337891e+00
3.465814828872680664e+00 -2.515160799026489258e+00
3.592604398727416992e+00 -2.606729269027709961e+00
3.626242399215698242e+00 -2.632123708724975586e+00
3.590398550033569336e+00 -2.604969739913940430e+00
3.542844057083129883e+00 -2.570610523223876953e+00
3.578332185745239258e+00 -2.597382068634033203e+00
3.392186880111694336e+00 -2.458674669265747070e+00
3.423979997634887695e+00 -2.484291076660156250e+00
3.613121747970581055e+00 -2.622643709182739258e+00
3.625324010848999023e+00 -2.632467985153198242e+00
3.602944135665893555e+00 -2.614980220794677734e+00
3.612773180007934570e+00 -2.622566461563110352e+00
3.581556081771850586e+00 -2.602287530899047852e+00
3.551696062088012695e+00 -2.575864076614379883e+00
3.612225294113159180e+00 -2.621222972869873047e+00
3.528215885162353516e+00 -2.558476686477661133e+00
3.597659826278686523e+00 -2.610816240310668945e+00
3.607073307037353516e+00 -2.617526292800903320e+00
3.584010362625122070e+00 -2.602452039718627930e+00
3.605385780334472656e+00 -2.622153043746948242e+00
3.617179393768310547e+00 -2.625459194183349609e+00
3.570843935012817383e+00 -2.591151714324951172e+00
3.588201284408569336e+00 -2.603442668914794922e+00
3.608231306076049805e+00 -2.619395494461059570e+00
3.623913526535034180e+00 -2.630752563476562500e+00
3.568897962570190430e+00 -2.592197179794311523e+00
3.590735673904418945e+00 -2.606229305267333984e+00
3.592495679855346680e+00 -2.606555223464965820e+00
3.596682310104370117e+00 -2.609568834304809570e+00
3.460132837295532227e+00 -2.511943101882934570e+00
3.543811321258544922e+00 -2.570624828338623047e+00
3.424313306808471680e+00 -2.484488487243652344e+00
3.599575757980346680e+00 -2.611593723297119141e+00
3.595251798629760742e+00 -2.609756946563720703e+00
3.615961313247680664e+00 -2.624970436096191406e+00
3.601505994796752930e+00 -2.613193988800048828e+00
3.608280181884765625e+00 -2.618194103240966797e+00
-1.657981634140014648e+00 1.763806939125061035e+00
3.612366437911987305e+00 -2.621577501296997070e+00
3.567388296127319336e+00 -2.588281154632568359e+00
3.585046052932739258e+00 -2.600576162338256836e+00
3.617076635360717773e+00 -2.626436948776245117e+00
3.518042087554931641e+00 -2.553968191146850586e+00
3.563496351242065430e+00 -2.585790634155273438e+00
3.451808214187622070e+00 -2.505339384078979492e+00
3.574058055877685547e+00 -2.593505144119262695e+00
3.588284730911254883e+00 -2.604377031326293945e+00
3.309571981430053711e+00 -2.402612447738647461e+00
3.596416950225830078e+00 -2.615399599075317383e+00
3.587076425552368164e+00 -2.602601051330566406e+00
3.603775501251220703e+00 -2.614807844161987305e+00
3.566766500473022461e+00 -2.587735176086425781e+00
3.616883993148803711e+00 -2.625064611434936523e+00
3.602093935012817383e+00 -2.613849639892578125e+00
3.534709215164184570e+00 -2.564660787582397461e+00
3.439401388168334961e+00 -2.494382619857788086e+00
3.622299909591674805e+00 -2.629370927810668945e+00
3.576717615127563477e+00 -2.595711469650268555e+00
3.626450300216674805e+00 -2.633231639862060547e+00
3.493600606918334961e+00 -2.532160282135009766e+00
3.581487894058227539e+00 -2.597904443740844727e+00
3.602256059646606445e+00 -2.615018844604492188e+00
3.621657133102416992e+00 -2.629239559173583984e+00
3.623544931411743164e+00 -2.631379127502441406e+00
3.598590135574340820e+00 -2.612287044525146484e+00
3.590320825576782227e+00 -2.617838144302368164e+00
3.610409498214721680e+00 -2.621888875961303711e+00
3.569585084915161133e+00 -2.600343942642211914e+00
3.598849058151245117e+00 -2.622019052505493164e+00
3.601580142974853516e+00 -2.613055944442749023e+00
3.571111917495727539e+00 -2.591700077056884766e+00
3.602941989898681641e+00 -2.614470958709716797e+00
3.574025869369506836e+00 -2.593318223953247070e+00
3.567008733749389648e+00 -2.589399337768554688e+00
3.618400096893310547e+00 -2.626465082168579102e+00
3.385329961776733398e+00 -2.456707239151000977e+00
3.582310914993286133e+00 -2.598993778228759766e+00
3.599382638931274414e+00 -2.611989498138427734e+00
3.218160867691040039e+00 -2.340745449066162109e+00
-1.644709348678588867e+00 1.752580523490905762e+00
3.588915586471557617e+00 -2.604274749755859375e+00
3.573079824447631836e+00 -2.592106819152832031e+00
-1.617689132690429688e+00 1.766310811042785645e+00
3.491866350173950195e+00 -2.532784700393676758e+00
-1.637964248657226562e+00 1.778556227684020996e+00
3.337300539016723633e+00 -2.419072628021240234e+00
3.448390722274780273e+00 -2.501463651657104492e+00
-1.526820898056030273e+00 1.662945985794067383e+00
3.574347257614135742e+00 -2.593606710433959961e+00
3.506085634231567383e+00 -2.543949365615844727e+00
2.723004102706909180e+00 -1.934567570686340332e+00
-1.607759714126586914e+00 1.762683033943176270e+00
3.540877580642700195e+00 -2.569417953491210938e+00
3.599580526351928711e+00 -2.612252473831176758e+00
3.594993829727172852e+00 -2.613664865493774414e+00
3.562175750732421875e+00 -2.589680671691894531e+00
3.616185426712036133e+00 -2.626074314117431641e+00
3.597862958908081055e+00 -2.612647771835327148e+00
-1.577327966690063477e+00 1.694914817810058594e+00
-1.603775978088378906e+00 1.738029360771179199e+00
3.544928312301635742e+00 -2.572121381759643555e+00
3.613443136215209961e+00 -2.623123645782470703e+00
3.553754091262817383e+00 -2.577942609786987305e+00
3.553367853164672852e+00 -2.578021287918090820e+00
3.586809396743774414e+00 -2.603498697280883789e+00
3.599097251892089844e+00 -2.611461400985717773e+00
3.600624322891235352e+00 -2.614941358566284180e+00
3.617374658584594727e+00 -2.626433372497558594e+00
3.563769817352294922e+00 -2.585808753967285156e+00
3.590373277664184570e+00 -2.605058193206787109e+00
3.573889017105102539e+00 -2.592522859573364258e+00
3.615726232528686523e+00 -2.624886512756347656e+00
3.149838685989379883e+00 -2.315806627273559570e+00
3.568591356277465820e+00 -2.588224172592163086e+00
3.462109327316284180e+00 -2.510643720626831055e+00
3.544513463973999023e+00 -2.570177793502807617e+00
3.572920322418212891e+00 -2.591789245605468750e+00
3.614490270614624023e+00 -2.629027605056762695e+00
-1.521001577377319336e+00 1.653400897979736328e+00
3.425418615341186523e+00 -2.482686042785644531e+00
3.600504875183105469e+00 -2.614688158035278320e+00
3.169556856155395508e+00 -2.299378633499145508e+00
3.505113840103149414e+00 -2.543959140777587891e+00
3.569631099700927734e+00 -2.591148614883422852e+00
3.545006275177001953e+00 -2.570163488388061523e+00
3.604015588760375977e+00 -2.615058660507202148e+00
3.624989271163940430e+00 -2.631462812423706055e+00
3.596625804901123047e+00 -2.609771251678466797e+00
8.936922550201416016e-01 -4.167296737432479858e-02
3.614864587783813477e+00 -2.624115705490112305e+00
3.578992128372192383e+00 -2.596243619918823242e+00
3.606426477432250977e+00 -2.618036746978759766e+00
3.600116014480590820e+00 -2.612538099288940430e+00
3.590639829635620117e+00 -2.605463504791259766e+00
3.558585882186889648e+00 -2.581827402114868164e+00
3.546925306320190430e+00 -2.573602437973022461e+00
3.571542024612426758e+00 -2.592515707015991211e+00
3.554273366928100586e+00 -2.580736875534057617e+00
3.513612985610961914e+00 -2.549683094024658203e+00
3.527475833892822266e+00 -2.558676004409790039e+00
3.624491691589355469e+00 -2.631030321121215820e+00
3.487658739089965820e+00 -2.528474330902099609e+00
3.554131269454956055e+00 -2.577785968780517578e+00
3.585775136947631836e+00 -2.601867675781250000e+00
3.581166982650756836e+00 -2.598617315292358398e+00
3.592133760452270508e+00 -2.606130361557006836e+00
2.947428941726684570e+00 -2.105181217193603516e+00
3.568727254867553711e+00 -2.590615510940551758e+00
3.629103899002075195e+00 -2.635128736495971680e+00
3.591745376586914062e+00 -2.605853796005249023e+00
3.617031335830688477e+00 -2.625328540802001953e+00
3.594908475875854492e+00 -2.614720344543457031e+00
3.609215974807739258e+00 -2.620586872100830078e+00
3.609045743942260742e+00 -2.618956089019775391e+00
3.546211242675781250e+00 -2.574221611022949219e+00
3.361190080642700195e+00 -2.438151836395263672e+00
3.498583316802978516e+00 -2.562995195388793945e+00
3.616195917129516602e+00 -2.624347209930419922e+00
3.621771097183227539e+00 -2.629261255264282227e+00
3.613484621047973633e+00 -2.623298645019531250e+00
3.615371704101562500e+00 -2.625984430313110352e+00
3.609117269515991211e+00 -2.618593215942382812e+00
-1.627079725265502930e+00 1.769481778144836426e+00
3.595334529876708984e+00 -2.608343839645385742e+00
3.628472566604614258e+00 -2.633583784103393555e+00
3.588552236557006836e+00 -2.603597164154052734e+00
3.508570909500122070e+00 -2.544314146041870117e+00
3.586668968200683594e+00 -2.602585554122924805e+00
3.552052736282348633e+00 -2.575606346130371094e+00
3.571189165115356445e+00 -2.591166496276855469e+00
3.508530378341674805e+00 -2.546738862991333008e+00
