1.911361694335937500e+00 -2.980130434036254883e+00
1.883496522903442383e+00 -3.015808820724487305e+00
-1.029204010963439941e+00 6.189113855361938477e-01
1.688318252563476562e+00 -2.868846178054809570e+00
1.845780372619628906e+00 -2.982796907424926758e+00
1.874851703643798828e+00 -3.025551080703735352e+00
1.925549507141113281e+00 -3.048388481140136719e+00
1.877729892730712891e+00 -3.016347408294677734e+00
1.933764219284057617e+00 -3.010651111602783203e+00
1.891579151153564453e+00 -2.946314096450805664e+00
1.432009935379028320e+00 -2.623817205429077148e+00
1.893949508666992188e+00 -3.001158475875854492e+00
-1.491974115371704102e+00 1.154893755912780762e+00
1.877463340759277344e+00 -2.956993341445922852e+00
1.857030391693115234e+00 -2.942806482315063477e+00
1.900774002075195312e+00 -3.008222341537475586e+00
1.795119524002075195e+00 -2.950756788253784180e+00
1.857089042663574219e+00 -2.952402591705322266e+00
1.632955074310302734e+00 -2.828992128372192383e+00
1.981173992156982422e+00 -2.961885213851928711e+00
9.483738541603088379e-01 -1.786716818809509277e+00
1.695356130599975586e+00 -2.867687940597534180e+00
1.774552345275878906e+00 -2.918608427047729492e+00
-3.310627460479736328e+00 2.678740978240966797e+00
1.862964868545532227e+00 -2.957066297531127930e+00
1.652565956115722656e+00 -2.853785514831542969e+00
-3.329726696014404297e+00 2.695440769195556641e+00
1.872217893600463867e+00 -2.752451181411743164e+00
-3.313890457153320312e+00 2.680996656417846680e+00
1.909256935119628906e+00 -2.999245643615722656e+00
1.949940919876098633e+00 -2.772945165634155273e+00
1.452287912368774414e+00 -2.678523778915405273e+00
1.633260011672973633e+00 -2.834068536758422852e+00
1.892377376556396484e+00 -3.005376100540161133e+00
1.888751268386840820e+00 -2.981907606124877930e+00
1.698439598083496094e+00 -2.872861146926879883e+00
-1.521460294723510742e+00 1.126164674758911133e+00
1.862068653106689453e+00 -2.971670389175415039e+00
1.497684240341186523e+00 -2.387319564819335938e+00
1.861454963684082031e+00 -2.949270725250244141e+00
1.693419933319091797e+00 -2.852271795272827148e+00
1.587184906005859375e+00 -2.780482053756713867e+00
1.969507694244384766e+00 -2.796764373779296875e+00
1.864045381546020508e+00 -2.949445486068725586e+00
1.679127931594848633e+00 -2.850458383560180664e+00
1.957437515258789062e+00 -3.033916711807250977e+00
1.996693611145019531e+00 -2.952527284622192383e+00
1.498190879821777344e+00 -2.716988801956176758e+00
1.907937526702880859e+00 -3.006392717361450195e+00
1.688398361206054688e+00 -2.865624666213989258e+00
2.001317024230957031e+00 -3.069510221481323242e+00
1.977376937866210938e+00 -2.906965970993041992e+00
1.778841972351074219e+00 -2.936065912246704102e+00
9.359772801399230957e-01 -2.070962667465209961e+00
1.466105461120605469e+00 -2.668905019760131836e+00
1.837992191314697266e+00 -2.982738018035888672e+00
1.711982965469360352e+00 -2.894717931747436523e+00
1.856605291366577148e+00 -3.004090070724487305e+00
1.878387212753295898e+00 -2.970854997634887695e+00
1.864882707595825195e+00 -2.995282411575317383e+00
1.761636018753051758e+00 -2.934441089630126953e+00
1.919666767120361328e+00 -2.991384506225585938e+00
1.980935096740722656e+00 -2.870115518569946289e+00
1.695956230163574219e+00 -2.816828012466430664e+00
1.866472721099853516e+00 -3.007363319396972656e+00
1.530758857727050781e+00 -2.744106531143188477e+00
1.866082668304443359e+00 -2.969692468643188477e+00
1.854917526245117188e+00 -2.980262517929077148e+00
2.000577211380004883e+00 -3.027520895004272461e+00
-8.082488775253295898e-01 4.158236086368560791e-01
1.756551742553710938e+00 -2.924841165542602539e+00
1.680763721466064453e+00 -2.868006467819213867e+00
1.710964441299438477e+00 -2.887426614761352539e+00
1.988497257232666016e+00 -2.954230546951293945e+00
-3.312069416046142578e+00 2.681107759475708008e+00
1.973001241683959961e+00 -3.088574171066284180e+00
1.947372913360595703e+00 -3.011861085891723633e+00
1.771120071411132812e+00 -2.917568206787109375e+00
-3.307017326354980469e+00 2.674660921096801758e+00
1.884644031524658203e+00 -2.972748517990112305e+00
1.857622861862182617e+00 -2.986493349075317383e+00
1.908207893371582031e+00 -2.996491670608520508e+00
1.302640914916992188e+00 -2.515754938125610352e+00
1.919147729873657227e+00 -3.038594007492065430e+00
1.852555274963378906e+00 -2.906461715698242188e+00
1.881558418273925781e+00 -2.952818393707275391e+00
1.718231439590454102e+00 -2.775583982467651367e+00
-3.325873851776123047e+00 2.698779582977294922e+00
1.759648799896240234e+00 -2.932857275009155273e+00
-2.586624145507812500e+00 2.053487539291381836e+00
-3.331315040588378906e+00 2.696387052536010742e+00
1.898379087448120117e+00 -2.998520851135253906e+00
1.516228914260864258e+00 -2.699564933776855469e+00
-3.330660820007324219e+00 2.696018695831298828e+00
1.850469827651977539e+00 -2.946336984634399414e+00
1.874598503112792969e+00 -2.928093910217285156e+00
1.854682683944702148e+00 -2.928205966949462891e+00
-3.335413455963134766e+00 2.701911926269531250e+00
1.970206737518310547e+00 -2.902735948562622070e+00
1.908555269241333008e+00 -3.034762144088745117e+00
-3.310755252838134766e+00 2.679435968399047852e+00
-7.509772777557373047e-01 3.651978671550750732e-01
1.744241476058959961e+00 -2.904285192489624023e+00
1.902531623840332031e+00 -3.030205249786376953e+00
1.465580940246582031e+00 -2.696410894393920898e+00
1.890028476715087891e+00 -3.017069101333618164e+00
1.811170101165771484e+00 -2.958402872085571289e+00
1.829834938049316406e+00 -2.986642599105834961e+00
1.903460025787353516e+00 -2.707128763198852539e+00
1.470142126083374023e+00 -2.670508861541748047e+00
-3.314209222793579102e+00 2.681107997894287109e+00
1.904520034790039062e+00 -2.956226110458374023e+00
-3.314969062805175781e+00 2.682191610336303711e+00
1.870277404785156250e+00 -2.744140386581420898e+00
1.809725999832153320e+00 -2.970128297805786133e+00
1.786430597305297852e+00 -2.965908765792846680e+00
1.806231021881103516e+00 -2.936278104782104492e+00
1.864521980285644531e+00 -2.994721174240112305e+00
1.788528203964233398e+00 -2.934548139572143555e+00
1.852152824401855469e+00 -2.920341253280639648e+00
1.896258831024169922e+00 -2.964381456375122070e+00
1.341719150543212891e+00 -2.461151361465454102e+00
1.884750366210937500e+00 -2.975771427154541016e+00
1.471305370330810547e+00 -2.690697908401489258e+00
1.254274606704711914e+00 -2.523363351821899414e+00
1.899168968200683594e+00 -2.964115858078002930e+00
1.584022045135498047e+00 -2.786549568176269531e+00
-8.265184760093688965e-01 1.923756003379821777e-01
1.771141529083251953e+00 -2.938229322433471680e+00
1.848154544830322266e+00 -2.898264884948730469e+00
1.841485023498535156e+00 -2.995250940322875977e+00
1.748076915740966797e+00 -2.925633192062377930e+00
1.824788570404052734e+00 -2.978975296020507812e+00
1.802865028381347656e+00 -2.952768325805664062e+00
1.921342372894287109e+00 -3.006950855255126953e+00
1.824748516082763672e+00 -2.982419729232788086e+00
1.869852542877197266e+00 -2.950076580047607422e+00
1.836706876754760742e+00 -2.915486097335815430e+00
1.984474420547485352e+00 -2.879860401153564453e+00
1.832995891571044922e+00 -2.935055017471313477e+00
1.939743518829345703e+00 -2.746632814407348633e+00
2.015618324279785156e+00 -3.033021211624145508e+00
1.655434370040893555e+00 -2.843769788742065430e+00
1.559418439865112305e+00 -2.772403955459594727e+00
1.552855730056762695e+00 -2.739435434341430664e+00
1.949204206466674805e+00 -2.808109045028686523e+00
1.794583797454833984e+00 -2.935832738876342773e+00
1.951258420944213867e+00 -2.871480464935302734e+00
-3.323863029479980469e+00 2.696073770523071289e+00
1.495890378952026367e+00 -2.650995492935180664e+00
1.857847929000854492e+00 -2.990037202835083008e+00
1.760352134704589844e+00 -2.924084424972534180e+00
1.871906995773315430e+00 -2.942528486251831055e+00
1.611315488815307617e+00 -2.775215387344360352e+00
-3.308424949645996094e+00 2.677071809768676758e+00
1.593637704849243164e+00 -2.789151191711425781e+00
1.798488616943359375e+00 -2.964024782180786133e+00
1.242576599121093750e+00 -2.297960042953491211e+00
1.859135866165161133e+00 -2.949082612991333008e+00
1.899727582931518555e+00 -2.976372003555297852e+00
1.798021316528320312e+00 -2.928593873977661133e+00
1.887663841247558594e+00 -2.997192621231079102e+00
1.864106655120849609e+00 -3.012981176376342773e+00
-3.312081336975097656e+00 2.679952383041381836e+00
1.714109420776367188e+00 -2.897819757461547852e+00
-3.329421281814575195e+00 2.694628477096557617e+00
1.775501251220703125e+00 -2.924320459365844727e+00
1.844953536987304688e+00 -2.955333709716796875e+00
1.892287731170654297e+00 -3.010370492935180664e+00
1.846204280853271484e+00 -3.015582323074340820e+00
1.817807674407958984e+00 -2.974603891372680664e+00
1.886418819427490234e+00 -2.943723917007446289e+00
1.892792463302612305e+00 -2.814037084579467773e+00
1.763046741485595703e+00 -2.930397987365722656e+00
1.874669551849365234e+00 -2.956272840499877930e+00
1.610391855239868164e+00 -2.820257425308227539e+00
1.810078620910644531e+00 -2.888439416885375977e+00
1.829041004180908203e+00 -2.980429172515869141e+00
1.626486063003540039e+00 -2.835620164871215820e+00
1.896965026855468750e+00 -2.968160152435302734e+00
1.796447753906250000e+00 -2.946897268295288086e+00
1.168450593948364258e+00 -2.354528188705444336e+00
1.832821369171142578e+00 -2.995312452316284180e+00
1.861271381378173828e+00 -2.952206611633300781e+00
-3.314335346221923828e+00 2.681600332260131836e+00
1.861986398696899414e+00 -2.995318651199340820e+00
1.845939874649047852e+00 -2.983435392379760742e+00
1.784181833267211914e+00 -2.945429086685180664e+00
1.758243322372436523e+00 -2.915135622024536133e+00
1.955348968505859375e+00 -2.937172651290893555e+00
1.919360637664794922e+00 -3.039963483810424805e+00
1.862330436706542969e+00 -2.992075204849243164e+00
-3.327920198440551758e+00 2.697698354721069336e+00
1.635894298553466797e+00 -2.813006162643432617e+00
1.722300767898559570e+00 -2.850522279739379883e+00
8.753053545951843262e-01 -2.078041791915893555e+00
1.416661739349365234e+00 -2.657162427902221680e+00
1.418359279632568359e+00 -2.644329309463500977e+00
1.856391429901123047e+00 -2.962601423263549805e+00
1.877696037292480469e+00 -2.970098733901977539e+00
1.890453338623046875e+00 -2.982146024703979492e+00
1.589327812194824219e+00 -2.796324968338012695e+00
1.383897781372070312e+00 -2.546344041824340820e+00
1.859926223754882812e+00 -2.997648954391479492e+00
1.911160469055175781e+00 -3.015583753585815430e+00
1.975169658660888672e+00 -2.906942605972290039e+00
1.935735940933227539e+00 -2.953721523284912109e+00
1.993766784667968750e+00 -2.873461484909057617e+00
1.020891904830932617e+00 -2.240899085998535156e+00
1.866212368011474609e+00 -2.991399526596069336e+00
1.752672910690307617e+00 -2.913714885711669922e+00
-3.299061536788940430e+00 2.678714752197265625e+00
1.991838693618774414e+00 -2.951262235641479492e+00
1.905206203460693359e+00 -2.989424467086791992e+00
1.456402540206909180e+00 -2.661196470260620117e+00
1.858245372772216797e+00 -2.990312337875366211e+00
-3.332617998123168945e+00 2.701835870742797852e+00
1.891653299331665039e+00 -2.872110366821289062e+00
1.694303512573242188e+00 -2.828011751174926758e+00
1.799295186996459961e+00 -2.956593751907348633e+00
1.936947822570800781e+00 -2.970783948898315430e+00
-3.313149929046630859e+00 2.681467294692993164e+00
1.836533069610595703e+00 -2.948430776596069336e+00
1.636399745941162109e+00 -2.838050127029418945e+00
1.745230197906494141e+00 -2.918769836425781250e+00
-3.311696052551269531e+00 2.679423093795776367e+00
2.784750461578369141e-01 -8.630480766296386719e-01
1.896115779876708984e+00 -2.786735773086547852e+00
1.772052764892578125e+00 -2.900661230087280273e+00
4.776673913002014160e-01 -1.787906527519226074e+00
1.842700004577636719e+00 -2.991180181503295898e+00
1.660368204116821289e+00 -2.837859630584716797e+00
1.866623163223266602e+00 -2.996892452239990234e+00
1.811173915863037109e+00 -2.968875646591186523e+00
1.986139774322509766e+00 -2.846082448959350586e+00
1.776829481124877930e+00 -2.926060914993286133e+00
1.805081367492675781e+00 -2.959479093551635742e+00
-3.312230587005615234e+00 2.679198265075683594e+00
1.462669372558593750e+00 -2.684137105941772461e+00
1.735755443572998047e+00 -2.910218954086303711e+00
1.807739734649658203e+00 -2.956080675125122070e+00
1.843435525894165039e+00 -2.955694437026977539e+00
1.448829412460327148e+00 -2.612846136093139648e+00
1.864155530929565430e+00 -2.984452962875366211e+00
1.976968765258789062e+00 -3.024669408798217773e+00
1.641094684600830078e+00 -2.844591140747070312e+00
1.674291372299194336e+00 -2.836417913436889648e+00
1.859981298446655273e+00 -2.945966720581054688e+00
1.850687503814697266e+00 -2.969022512435913086e+00
1.874276399612426758e+00 -2.899577379226684570e+00
1.903344631195068359e+00 -3.006032466888427734e+00
1.818389415740966797e+00 -2.970347881317138672e+00
1.721362352371215820e+00 -2.888279199600219727e+00
1.886905908584594727e+00 -2.966128587722778320e+00
1.864640235900878906e+00 -2.985112190246582031e+00
1.968956470489501953e+00 -2.914588212966918945e+00
1.603354930877685547e+00 -2.810204744338989258e+00
1.854513883590698242e+00 -3.012490272521972656e+00
1.784733772277832031e+00 -2.948802947998046875e+00
1.832056045532226562e+00 -2.916289567947387695e+00
1.726358652114868164e+00 -2.899466991424560547e+00
2.903072237968444824e-01 -1.222143054008483887e+00
1.830898761749267578e+00 -2.941040754318237305e+00
1.722967624664306641e+00 -2.891266584396362305e+00
1.903566837310791016e+00 -2.746411800384521484e+00
1.848433732986450195e+00 -2.845586299896240234e+00
1.884971618652343750e+00 -3.002787113189697266e+00
6.960577368736267090e-01 -1.377440571784973145e+00
9.295321106910705566e-01 -1.881310105323791504e+00
1.815782546997070312e+00 -2.873553514480590820e+00
1.960870742797851562e+00 -2.896859884262084961e+00
1.759805679321289062e+00 -2.925000905990600586e+00
1.877510547637939453e+00 -2.959636449813842773e+00
1.949226856231689453e+00 -2.838272333145141602e+00
1.850840568542480469e+00 -2.986635684967041016e+00
1.507743597030639648e+00 -2.645108461380004883e+00
1.768938064575195312e+00 -2.940190553665161133e+00
1.733665704727172852e+00 -2.880477905273437500e+00
1.860595464706420898e+00 -3.010112524032592773e+00
1.902840614318847656e+00 -2.953570842742919922e+00
-3.311865806579589844e+00 2.680857419967651367e+00
1.738748311996459961e+00 -2.915169239044189453e+00
-3.327196598052978516e+00 2.692833423614501953e+00
1.485841035842895508e+00 -2.666081666946411133e+00
1.049482822418212891e+00 -2.272998094558715820e+00
1.889594316482543945e+00 -3.034645795822143555e+00
1.613321304321289062e+00 -2.821937322616577148e+00
1.770400524139404297e+00 -2.875965595245361328e+00
1.387566328048706055e+00 -2.547441005706787109e+00
1.860421180725097656e+00 -2.962931394577026367e+00
1.633790016174316406e+00 -2.825350999832153320e+00
1.900398492813110352e+00 -2.960486650466918945e+00
1.861668109893798828e+00 -2.941152811050415039e+00
1.686832189559936523e+00 -2.806621313095092773e+00
1.863509416580200195e+00 -2.995897293090820312e+00
-3.308007955551147461e+00 2.674741029739379883e+00
1.805018186569213867e+00 -2.916613340377807617e+00
1.899597167968750000e+00 -3.007436513900756836e+00
1.741244792938232422e+00 -2.901118755340576172e+00
1.732988834381103516e+00 -2.907603979110717773e+00
-3.301927566528320312e+00 2.670661449432373047e+00
1.894319772720336914e+00 -3.006475687026977539e+00
1.847420454025268555e+00 -2.834507226943969727e+00
1.733355283737182617e+00 -2.901783704757690430e+00
1.850620508193969727e+00 -2.957127094268798828e+00
1.581998586654663086e+00 -2.785845518112182617e+00
1.673187255859375000e+00 -2.853817701339721680e+00
1.501161813735961914e+00 -2.719441652297973633e+00
1.219006776809692383e+00 -2.397190093994140625e+00
1.653360128402709961e+00 -2.814069986343383789e+00
1.882164478302001953e+00 -3.007469415664672852e+00
1.865714550018310547e+00 -3.014183759689331055e+00
1.740610599517822266e+00 -2.904600381851196289e+00
1.847100973129272461e+00 -2.979513883590698242e+00
1.875123262405395508e+00 -3.024050474166870117e+00
1.925203084945678711e+00 -2.997962236404418945e+00
1.756911516189575195e+00 -2.919611692428588867e+00
1.923506736755371094e+00 -3.075348138809204102e+00
1.878837108612060547e+00 -2.939035654067993164e+00
1.827888011932373047e+00 -2.973896265029907227e+00
1.762323141098022461e+00 -2.936802625656127930e+00
-2.377538204193115234e+00 1.762819170951843262e+00
1.890257596969604492e+00 -2.957988023757934570e+00
1.685606479644775391e+00 -2.859834909439086914e+00
1.948438882827758789e+00 -2.851843595504760742e+00
1.804641008377075195e+00 -2.957109451293945312e+00
2.007131099700927734e+00 -2.943033456802368164e+00
1.799603223800659180e+00 -2.971482038497924805e+00
1.875814199447631836e+00 -2.974158048629760742e+00
1.819728136062622070e+00 -2.923202276229858398e+00
1.847798824310302734e+00 -2.988852739334106445e+00
-3.334803581237792969e+00 2.699993610382080078e+00
1.882345438003540039e+00 -2.980353116989135742e+00
1.733037948608398438e+00 -2.912922143936157227e+00
1.787669420242309570e+00 -2.938383817672729492e+00
1.852814674377441406e+00 -3.000355482101440430e+00
1.826375484466552734e+00 -2.966771841049194336e+00
1.946081876754760742e+00 -2.882326364517211914e+00
-3.312361240386962891e+00 2.679494619369506836e+00
1.864659309387207031e+00 -2.969122648239135742e+00
1.782113790512084961e+00 -2.939577579498291016e+00
1.937596321105957031e+00 -3.042151212692260742e+00
1.701100826263427734e+00 -2.854824781417846680e+00
1.731798648834228516e+00 -2.917427778244018555e+00
1.805011272430419922e+00 -2.971803188323974609e+00
1.876601219177246094e+00 -3.012578248977661133e+00
1.534724473953247070e+00 -2.754898309707641602e+00
1.731315851211547852e+00 -2.825844049453735352e+00
1.604050159454345703e+00 -2.791333436965942383e+00
-3.334983587265014648e+00 2.701011657714843750e+00
1.861768960952758789e+00 -2.940095186233520508e+00
1.548701047897338867e+00 -2.631159782409667969e+00
1.912122488021850586e+00 -2.984627008438110352e+00
1.835743188858032227e+00 -2.950930833816528320e+00
1.203178167343139648e+00 -2.372742176055908203e+00
1.722425460815429688e+00 -2.879535436630249023e+00
1.900892019271850586e+00 -2.987114429473876953e+00
1.931710243225097656e+00 -2.990798234939575195e+00
1.822624683380126953e+00 -2.986641645431518555e+00
1.849359512329101562e+00 -2.936285734176635742e+00
1.903887271881103516e+00 -2.972870588302612305e+00
1.837412595748901367e+00 -2.944478273391723633e+00
1.615905046463012695e+00 -2.788378000259399414e+00
1.748667240142822266e+00 -2.896787405014038086e+00
-3.310501337051391602e+00 2.683547258377075195e+00
1.937297344207763672e+00 -2.835863351821899414e+00
1.862584590911865234e+00 -2.995860099792480469e+00
1.797566175460815430e+00 -2.962862253189086914e+00
1.445451498031616211e+00 -2.573453187942504883e+00
1.879307270050048828e+00 -3.005891561508178711e+00
1.891432285308837891e+00 -2.997103214263916016e+00
1.928221225738525391e+00 -3.031945943832397461e+00
-3.311302185058593750e+00 2.679106950759887695e+00
1.930169105529785156e+00 -3.008004903793334961e+00
1.757163286209106445e+00 -2.911058187484741211e+00
1.391715049743652344e+00 -2.606601953506469727e+00
1.835139274597167969e+00 -2.941373825073242188e+00
1.878247261047363281e+00 -2.982521772384643555e+00
1.742643356323242188e+00 -2.915245294570922852e+00
1.760410785675048828e+00 -2.916799783706665039e+00
1.911746025085449219e+00 -2.995676040649414062e+00
1.891713142395019531e+00 -3.007549524307250977e+00
1.895956754684448242e+00 -2.996675252914428711e+00
1.718352317810058594e+00 -2.898468732833862305e+00
1.842367410659790039e+00 -2.953438520431518555e+00
1.873137474060058594e+00 -2.952130556106567383e+00
1.792413711547851562e+00 -2.918906450271606445e+00
1.566885709762573242e+00 -2.789437055587768555e+00
1.834171295166015625e+00 -2.999667882919311523e+00
1.897785425186157227e+00 -2.988010168075561523e+00
1.542927980422973633e+00 -2.725690603256225586e+00
1.806662559509277344e+00 -2.962305068969726562e+00
1.595605134963989258e+00 -2.796717405319213867e+00
1.886162042617797852e+00 -3.021814584732055664e+00
